ineff,eff,alpha,NTU,C_r,T_C_out,T_H_out,m_dot_C,m_dot_H,ConvSteps,run
0.3693,0.6307,0,1,0.0100,428.45,646.22,1.7374,173.8080,60,1
0.4874,0.5126,0,1,0.9000,357.56,373.19,1.7372,1.9302,23,10
0.3697,0.6303,0.9000,1,0.0100,428.21,646.22,1.7372,173.5418,60,100
0.0059,0.9941,0.2000,39.8110,0.9000,646.46,109.73,0.0439,0.0482,60,1000
0.0281,0.9719,0.2000,39.8110,1,630.12,69.809,0.0436,0.0433,14,1001
0.0059,0.9941,0.3000,39.8110,0.0100,650,644.02,0.0437,4.3432,60,1002
1.6337e-05,1.0000,0.3000,39.8110,0.1000,650,589.95,0.0436,0.4343,19,1003
3.4169e-05,1.0000,0.3000,39.8110,0.2000,650,529.88,0.0436,0.2170,15,1004
2.0958e-05,1.0000,0.3000,39.8110,0.3000,650,469.83,0.0436,0.1448,36,1005
0.0065,0.9935,0.3000,39.8110,0.4000,650,413.46,0.0432,0.1086,60,1006
3.8110e-05,1.0000,0.3000,39.8110,0.5000,650,349.68,0.0436,0.0868,15,1007
9.7409e-04,0.9990,0.3000,39.8110,0.6000,650,288.13,0.0439,0.0724,60,1008
1.3898e-04,0.9999,0.3000,39.8110,0.7000,649.96,229.65,0.0436,0.0620,14,1009
0.3854,0.6146,0.9000,1,0.1000,418.72,613.12,1.7373,17.3542,60,101
0.0011,0.9989,0.3000,39.8110,0.8000,649.39,170.16,0.0436,0.0542,14,1010
0.0073,0.9927,0.3000,39.8110,0.9000,645.11,118,0.0433,0.0483,60,1011
0.0300,0.9700,0.3000,39.8110,1,625.14,72.842,0.0432,0.0435,60,1012
-5.2170e-05,1.0001,0.4000,39.8110,0.0100,650,643.99,0.0436,4.3472,51,1013
-0.0027,1.0027,0.4000,39.8110,0.1000,650,589.98,0.0435,0.4347,60,1014
0.0041,0.9959,0.4000,39.8110,0.2000,650,530.77,0.0435,0.2174,60,1015
-0.0038,1.0038,0.4000,39.8110,0.3000,650,466.94,0.0442,0.1449,60,1016
-4.4626e-05,1.0000,0.4000,39.8110,0.4000,650,408.91,0.0438,0.1087,60,1017
4.0782e-05,1.0000,0.4000,39.8110,0.5000,650,349.72,0.0436,0.0869,15,1018
2.3969e-05,1.0000,0.4000,39.8110,0.6000,650,289.69,0.0436,0.0724,16,1019
0.4024,0.5976,0.9000,1,0.2000,408.54,578.28,1.7372,8.6771,56,102
2.2284e-04,0.9998,0.4000,39.8110,0.7000,649.91,229.72,0.0436,0.0620,14,1020
0.0018,0.9982,0.4000,39.8110,0.8000,648.94,170.56,0.0436,0.0543,14,1021
0.0121,0.9879,0.4000,39.8110,0.9000,642.81,116.28,0.0436,0.0482,14,1022
0.0438,0.9562,0.4000,39.8110,1,625.3,78.968,0.0437,0.0434,60,1023
-4.5825e-05,1.0000,0.5000,39.8110,0.0100,650,644,0.0436,4.3488,60,1024
5.8413e-04,0.9994,0.5000,39.8110,0.1000,650,590.77,0.0431,0.4349,60,1025
-0.0151,1.0151,0.5000,39.8110,0.2000,650,526.16,0.0443,0.2174,60,1026
-0.0086,1.0086,0.5000,39.8110,0.3000,650,467.38,0.0439,0.1450,60,1027
0.0077,0.9923,0.5000,39.8110,0.4000,650,414.58,0.0431,0.1088,60,1028
5.1175e-06,1.0000,0.5000,39.8110,0.5000,650,349.75,0.0436,0.0870,36,1029
0.4189,0.5811,0.9000,1,0.3000,398.63,545.4,1.7372,5.7847,53,103
0.0050,0.9950,0.5000,39.8110,0.6000,649.99,290.66,0.0437,0.0725,60,1030
2.8636e-04,0.9997,0.5000,39.8110,0.7000,649.84,229.8,0.0436,0.0621,16,1031
0.0056,0.9944,0.5000,39.8110,0.8000,648.73,176.77,0.0434,0.0544,60,1032
0.0172,0.9828,0.5000,39.8110,0.9000,640.78,117.12,0.0438,0.0482,60,1033
0.0453,0.9547,0.5000,39.8110,1,623.5,80.106,0.0434,0.0436,60,1034
-3.9900e-05,1.0000,0.6000,39.8110,0.0100,650,644,0.0436,4.3506,60,1035
-0.0016,1.0016,0.6000,39.8110,0.1000,650,589.29,0.0440,0.4351,60,1036
-0.0122,1.0122,0.6000,39.8110,0.2000,650,527.49,0.0440,0.2174,60,1037
4.1004e-05,1.0000,0.6000,39.8110,0.3000,650,469.87,0.0436,0.1449,15,1038
0.0095,0.9905,0.6000,39.8110,0.4000,650,414.95,0.0431,0.1085,60,1039
0.4349,0.5651,0.9000,1,0.4000,389.03,514.37,1.7372,4.3385,28,104
1.6686e-05,1.0000,0.6000,39.8110,0.5000,650,349.79,0.0436,0.0870,60,1040
-0.0104,1.0104,0.6000,39.8110,0.6000,649.97,287.94,0.0433,0.0725,60,1041
-0.0103,1.0103,0.6000,39.8110,0.7000,649.73,230.05,0.0435,0.0623,60,1042
0.0096,0.9904,0.6000,39.8110,0.8000,648.08,170.22,0.0440,0.0544,60,1043
0.0164,0.9836,0.6000,39.8110,0.9000,640.14,118.7,0.0436,0.0483,60,1044
0.0449,0.9551,0.6000,39.8110,1,617.52,77.668,0.0437,0.0436,60,1045
-3.4645e-05,1.0000,0.7000,39.8110,0.0100,650,644,0.0436,4.3524,60,1046
2.4675e-05,1.0000,0.7000,39.8110,0.1000,650,589.96,0.0436,0.4352,60,1047
2.9639e-05,1.0000,0.7000,39.8110,0.2000,650,529.93,0.0436,0.2176,35,1048
0.0091,0.9909,0.7000,39.8110,0.3000,650,472.68,0.0436,0.1448,60,1049
0.4505,0.5495,0.9000,1,0.5000,379.68,485.1,1.7375,3.4709,60,105
1.7793e-05,1.0000,0.7000,39.8110,0.4000,650,409.85,0.0436,0.1088,60,1050
-0.0102,1.0102,0.7000,39.8110,0.5000,649.99,346.43,0.0438,0.0871,60,1051
-4.0877e-04,1.0004,0.7000,39.8110,0.6000,649.92,288.09,0.0441,0.0728,60,1052
9.3116e-04,0.9991,0.7000,39.8110,0.7000,649.44,230.15,0.0436,0.0622,60,1053
0.0053,0.9947,0.7000,39.8110,0.8000,646.87,172.26,0.0436,0.0543,14,1054
0.0262,0.9738,0.7000,39.8110,0.9000,638.39,121.92,0.0436,0.0481,60,1055
0.0525,0.9475,0.7000,39.8110,1,617.07,82.829,0.0436,0.0435,14,1056
0.0046,0.9954,0.8000,39.8110,0.0100,650,643.97,0.0441,4.3542,60,1057
-0.0040,1.0040,0.8000,39.8110,0.1000,650,589.98,0.0434,0.4354,60,1058
1.9556e-05,1.0000,0.8000,39.8110,0.2000,650,529.93,0.0436,0.2177,60,1059
0.4655,0.5345,0.9000,1,0.6000,370.73,457.53,1.7371,2.8898,19,106
3.7055e-05,1.0000,0.8000,39.8110,0.3000,650,469.91,0.0436,0.1451,24,1060
2.5661e-05,1.0000,0.8000,39.8110,0.4000,650,409.87,0.0436,0.1089,60,1061
-0.0058,1.0058,0.8000,39.8110,0.5000,649.98,348.73,0.0436,0.0871,60,1062
-0.0032,1.0032,0.8000,39.8110,0.6000,649.82,290.36,0.0440,0.0728,60,1063
0.0085,0.9915,0.8000,39.8110,0.7000,649.08,237.94,0.0433,0.0623,60,1064
0.0085,0.9915,0.8000,39.8110,0.8000,644.92,173.87,0.0436,0.0544,60,1065
0.0275,0.9725,0.8000,39.8110,0.9000,635.53,128.25,0.0435,0.0490,60,1066
0.0615,0.9385,0.8000,39.8110,1,619.65,92.684,0.0431,0.0435,60,1067
-0.0089,1.0089,0.9000,39.8110,0.0100,650,644.08,0.0425,4.3554,60,1068
1.6818e-05,1.0000,0.9000,39.8110,0.1000,650,589.96,0.0436,0.4356,60,1069
0.4799,0.5201,0.9000,1,0.7000,362.01,431.6,1.7368,2.4791,60,107
0.0069,0.9931,0.9000,39.8110,0.2000,650,531.02,0.0436,0.2179,60,1070
0.0015,0.9985,0.9000,39.8110,0.3000,650,468.97,0.0436,0.1452,60,1071
0.0138,0.9862,0.9000,39.8110,0.4000,649.99,412.92,0.0443,0.1092,60,1072
0.0018,0.9982,0.9000,39.8110,0.5000,649.94,354.36,0.0432,0.0873,60,1073
-5.6290e-05,1.0001,0.9000,39.8110,0.6000,649.48,289.91,0.0437,0.0727,60,1074
0.0053,0.9947,0.9000,39.8110,0.7000,647.24,228.58,0.0441,0.0618,60,1075
0.0143,0.9857,0.9000,39.8110,0.8000,641.41,176.63,0.0436,0.0545,60,1076
0.0364,0.9636,0.9000,39.8110,0.9000,628.15,129.47,0.0436,0.0484,60,1077
0.0719,0.9281,0.9000,39.8110,1,605.95,93.912,0.0436,0.0436,60,1078
-1.4541e-04,1.0001,1,39.8110,0.0100,650,644,0.0436,4.3636,60,1079
0.4941,0.5059,0.9000,1,0.8000,353.54,407.15,1.7372,2.1679,26,108
3.7915e-05,1.0000,1,39.8110,0.1000,650,590,0.0436,0.4364,60,1080
-7.3266e-04,1.0007,1,39.8110,0.2000,650,530,0.0436,0.2183,60,1081
-9.4553e-04,1.0009,1,39.8110,0.3000,650,469.53,0.0437,0.1454,60,1082
0.0039,0.9961,1,39.8110,0.4000,649.97,411.64,0.0437,0.1094,60,1083
0.0036,0.9964,1,39.8110,0.5000,649.68,351.35,0.0435,0.0876,60,1084
-0.0067,1.0067,1,39.8110,0.6000,648.28,289.48,0.0436,0.0728,60,1085
0.0094,0.9906,1,39.8110,0.7000,644.35,233.95,0.0436,0.0623,60,1086
0.0236,0.9764,1,39.8110,0.8000,634.25,178.84,0.0437,0.0544,60,1087
0.0482,0.9518,1,39.8110,0.9000,620.94,140.05,0.0434,0.0486,60,1088
0.0881,0.9119,1,39.8110,1,593.62,101.09,0.0437,0.0436,60,1089
0.5078,0.4922,0.9000,1,0.9000,345.28,384.13,1.7375,1.9273,60,109
-6.4214e-05,1.0001,0,63.0960,0.0100,650,644,0.0275,2.7532,60,1090
9.3798e-04,0.9991,0,63.0960,0.1000,650,590.1,0.0275,0.2753,60,1091
-0.0149,1.0149,0,63.0960,0.2000,650,528.97,0.0274,0.1380,60,1092
-1.4767e-04,1.0001,0,63.0960,0.3000,650,469.97,0.0275,0.0918,30,1093
-0.0062,1.0062,0,63.0960,0.4000,650,409.59,0.0274,0.0687,15,1094
-2.8125e-04,1.0003,0,63.0960,0.5000,650,349.9,0.0275,0.0550,14,1095
0.0043,0.9957,0,63.0960,0.6000,650,291.96,0.0274,0.0459,60,1096
-0.0040,1.0040,0,63.0960,0.7000,650,226.56,0.0276,0.0394,60,1097
-5.0895e-05,1.0001,0,63.0960,0.8000,650,169.97,0.0275,0.0344,15,1098
1.8227e-04,0.9998,0,63.0960,0.9000,649.89,110.1,0.0275,0.0306,60,1099
0.4999,0.5001,0,1,1,349.99,349.98,1.7373,1.7369,60,11
0.5202,0.4798,0.9000,1,1,337.41,362.52,1.7375,1.7347,60,110
0.0241,0.9759,0,63.0960,1,640.56,58.281,0.0275,0.0278,60,1100
-0.0035,1.0035,0.1000,63.0960,0.0100,650,644.01,0.0273,2.7327,60,1101
0.0010,0.9990,0.1000,63.0960,0.1000,650,589.99,0.0275,0.2734,60,1102
-0.0105,1.0105,0.1000,63.0960,0.2000,650,530.99,0.0270,0.1366,60,1103
4.9412e-05,1.0000,0.1000,63.0960,0.3000,650,469.69,0.0275,0.0910,15,1104
-9.9396e-04,1.0010,0.1000,63.0960,0.4000,650,409.91,0.0275,0.0682,60,1105
-0.0015,1.0015,0.1000,63.0960,0.5000,650,350.54,0.0274,0.0547,60,1106
-0.0056,1.0056,0.1000,63.0960,0.6000,650,282.43,0.0279,0.0456,60,1107
-0.0067,1.0067,0.1000,63.0960,0.7000,650,224.34,0.0277,0.0391,60,1108
-0.0073,1.0073,0.1000,63.0960,0.8000,650,162.36,0.0277,0.0341,60,1109
0.3696,0.6304,1,1,0.0100,428.14,646.22,1.7371,173.7172,60,111
0.0017,0.9983,0.1000,63.0960,0.9000,649.82,120.27,0.0270,0.0303,60,1110
-0.0037,1.0037,0.1000,63.0960,1,634.33,55.716,0.0275,0.0274,60,1111
-7.4718e-05,1.0001,0.2000,63.0960,0.0100,650,643.99,0.0275,2.7387,27,1112
-0.0012,1.0012,0.2000,63.0960,0.1000,650,589.63,0.0276,0.2739,60,1113
-0.0042,1.0042,0.2000,63.0960,0.2000,650,528.14,0.0278,0.1369,60,1114
0.0024,0.9976,0.2000,63.0960,0.3000,650,472.08,0.0272,0.0913,60,1115
2.5486e-05,1.0000,0.2000,63.0960,0.4000,650,409.7,0.0275,0.0685,27,1116
0.0078,0.9922,0.2000,63.0960,0.5000,650,349.88,0.0277,0.0548,60,1117
-0.0041,1.0041,0.2000,63.0960,0.6000,650,284.48,0.0278,0.0456,60,1118
0.0101,0.9899,0.2000,63.0960,0.7000,650,228.22,0.0279,0.0391,60,1119
0.3860,0.6140,1,1,0.1000,418.42,613.16,1.7372,17.3717,28,112
-0.0134,1.0134,0.2000,63.0960,0.8000,649.99,173.79,0.0269,0.0342,60,1120
-0.0046,1.0046,0.2000,63.0960,0.9000,648.89,101.38,0.0278,0.0304,60,1121
0.0181,0.9819,0.2000,63.0960,1,636.06,63.865,0.0275,0.0274,15,1122
-1.1644e-04,1.0001,0.3000,63.0960,0.0100,650,644,0.0275,2.7404,37,1123
-0.0044,1.0044,0.3000,63.0960,0.1000,650,590.13,0.0273,0.2740,60,1124
-0.0035,1.0035,0.3000,63.0960,0.2000,650,529.46,0.0275,0.1370,60,1125
-0.0161,1.0161,0.3000,63.0960,0.3000,650,465.9,0.0277,0.0913,60,1126
-0.0022,1.0022,0.3000,63.0960,0.4000,650,407.61,0.0277,0.0685,60,1127
-0.0048,1.0048,0.3000,63.0960,0.5000,650,347.51,0.0276,0.0548,60,1128
5.4097e-04,0.9995,0.3000,63.0960,0.6000,650,287.73,0.0277,0.0457,60,1129
0.4035,0.5965,1,1,0.2000,407.91,578.41,1.7373,8.6858,60,113
-0.0011,1.0011,0.3000,63.0960,0.7000,650,229.96,0.0275,0.0391,60,1130
1.6826e-04,0.9998,0.3000,63.0960,0.8000,649.95,169.65,0.0275,0.0342,14,1131
0.0026,0.9974,0.3000,63.0960,0.9000,648.58,117.33,0.0272,0.0306,60,1132
0.0169,0.9831,0.3000,63.0960,1,628.33,64.448,0.0274,0.0274,60,1133
-0.0097,1.0097,0.4000,63.0960,0.0100,650,643.95,0.0275,2.7429,60,1134
-0.0094,1.0094,0.4000,63.0960,0.1000,650,590.18,0.0272,0.2743,60,1135
0.0038,0.9962,0.4000,63.0960,0.2000,650,531.92,0.0272,0.1371,60,1136
-0.0089,1.0089,0.4000,63.0960,0.3000,650,467.38,0.0277,0.0914,60,1137
-0.0102,1.0102,0.4000,63.0960,0.4000,650,404.1,0.0279,0.0686,60,1138
1.1469e-05,1.0000,0.4000,63.0960,0.5000,650,349.73,0.0275,0.0549,58,1139
0.4204,0.5796,1,1,0.3000,397.79,545.67,1.7370,5.7906,60,114
6.2830e-06,1.0000,0.4000,63.0960,0.6000,650,289.68,0.0275,0.0457,60,1140
5.7126e-04,0.9994,0.4000,63.0960,0.7000,650,224.8,0.0279,0.0391,60,1141
-0.0056,1.0056,0.4000,63.0960,0.8000,649.83,168.26,0.0275,0.0343,60,1142
-0.0105,1.0105,0.4000,63.0960,0.9000,647.37,114.5,0.0270,0.0305,60,1143
0.0347,0.9653,0.4000,63.0960,1,634.39,73.514,0.0275,0.0274,60,1144
0.0115,0.9885,0.5000,63.0960,0.0100,650,643.98,0.0279,2.7439,60,1145
-0.0078,1.0078,0.5000,63.0960,0.1000,650,588.74,0.0279,0.2744,60,1146
-0.0048,1.0048,0.5000,63.0960,0.2000,650,528.41,0.0277,0.1372,60,1147
-0.0146,1.0146,0.5000,63.0960,0.3000,650,472.09,0.0268,0.0915,60,1148
-0.0141,1.0141,0.5000,63.0960,0.4000,650,398.9,0.0284,0.0687,60,1149
0.4367,0.5633,1,1,0.4000,387.97,514.81,1.7372,4.3429,57,115
-2.8513e-06,1.0000,0.5000,63.0960,0.5000,650,349.74,0.0275,0.0549,60,1150
0.0145,0.9855,0.5000,63.0960,0.6000,650,294.84,0.0276,0.0456,60,1151
-0.0040,1.0040,0.5000,63.0960,0.7000,649.99,228.69,0.0273,0.0391,60,1152
-0.0022,1.0022,0.5000,63.0960,0.8000,649.77,175.97,0.0274,0.0344,60,1153
0.0079,0.9921,0.5000,63.0960,0.9000,644.54,100.96,0.0280,0.0304,60,1154
0.0252,0.9748,0.5000,63.0960,1,627.01,66.783,0.0277,0.0276,60,1155
0.0046,0.9954,0.6000,63.0960,0.0100,650,644,0.0277,2.7451,60,1156
7.6510e-05,0.9999,0.6000,63.0960,0.1000,650,589.97,0.0275,0.2745,19,1157
-0.0186,1.0186,0.6000,63.0960,0.2000,650,532.85,0.0264,0.1371,60,1158
-0.0129,1.0129,0.6000,63.0960,0.3000,650,469.14,0.0273,0.0914,60,1159
0.4525,0.5475,1,1,0.5000,378.5,485.73,1.7370,3.4740,60,116
-0.0289,1.0289,0.6000,63.0960,0.4000,650,402.74,0.0276,0.0686,60,1160
-4.0357e-06,1.0000,0.6000,63.0960,0.5000,650,349.78,0.0275,0.0549,25,1161
-0.0115,1.0115,0.6000,63.0960,0.6000,650,290.02,0.0272,0.0458,60,1162
-5.4440e-04,1.0005,0.6000,63.0960,0.7000,649.99,234.51,0.0272,0.0393,60,1163
6.0349e-04,0.9994,0.6000,63.0960,0.8000,649.64,170.02,0.0275,0.0343,60,1164
0.0038,0.9962,0.6000,63.0960,0.9000,646.53,116.22,0.0274,0.0305,60,1165
0.0339,0.9661,0.6000,63.0960,1,627.98,71.959,0.0275,0.0275,32,1166
-0.0101,1.0101,0.7000,63.0960,0.0100,650,643.93,0.0276,2.7462,60,1167
0.0024,0.9976,0.7000,63.0960,0.1000,650,588.9,0.0281,0.2746,60,1168
0.0062,0.9938,0.7000,63.0960,0.2000,650,529.1,0.0279,0.1373,60,1169
0.4678,0.5322,1,1,0.6000,369.35,458.39,1.7371,2.8951,19,117
-0.0077,1.0077,0.7000,63.0960,0.3000,650,466.5,0.0278,0.0915,60,1170
-0.0131,1.0131,0.7000,63.0960,0.4000,650,406.66,0.0274,0.0686,60,1171
-0.0013,1.0013,0.7000,63.0960,0.5000,650,351.09,0.0273,0.0548,60,1172
-0.0129,1.0129,0.7000,63.0960,0.6000,650,282.1,0.0277,0.0460,60,1173
0.0014,0.9986,0.7000,63.0960,0.7000,649.97,229.76,0.0272,0.0391,60,1174
0.0010,0.9990,0.7000,63.0960,0.8000,649.37,170.26,0.0275,0.0343,60,1175
-0.0062,1.0062,0.7000,63.0960,0.9000,639.74,98.88,0.0280,0.0305,60,1176
0.0368,0.9632,0.7000,63.0960,1,627.65,75.647,0.0277,0.0275,60,1177
-0.0128,1.0128,0.8000,63.0960,0.0100,650,643.83,0.0279,2.7474,60,1178
-0.0074,1.0074,0.8000,63.0960,0.1000,650,588.06,0.0278,0.2746,60,1179
0.4826,0.5174,1,1,0.7000,360.47,432.65,1.7376,2.4818,60,118
-0.0029,1.0029,0.8000,63.0960,0.2000,650,531.69,0.0276,0.1379,60,1180
4.0364e-05,1.0000,0.8000,63.0960,0.3000,650,469.9,0.0275,0.0916,19,1181
-0.0130,1.0130,0.8000,63.0960,0.4000,650,407.36,0.0274,0.0687,60,1182
0.0075,0.9925,0.8000,63.0960,0.5000,650,358.15,0.0275,0.0553,60,1183
-0.0092,1.0092,0.8000,63.0960,0.6000,649.99,285.78,0.0275,0.0458,60,1184
-0.0027,1.0027,0.8000,63.0960,0.7000,649.84,227.25,0.0278,0.0393,60,1185
6.8242e-04,0.9993,0.8000,63.0960,0.8000,648.75,171.69,0.0278,0.0345,60,1186
0.0121,0.9879,0.8000,63.0960,0.9000,646.04,134.93,0.0270,0.0308,60,1187
0.0374,0.9626,0.8000,63.0960,1,618.54,73.702,0.0280,0.0274,60,1188
-0.0235,1.0235,0.9000,63.0960,0.0100,650,643.7,0.0283,2.7486,60,1189
0.4967,0.5033,1,1,0.8000,351.98,408.45,1.7370,2.1718,60,119
7.0305e-05,0.9999,0.9000,63.0960,0.1000,650,589.96,0.0275,0.2748,60,1190
-0.0155,1.0155,0.9000,63.0960,0.2000,650,528.71,0.0275,0.1375,60,1191
0.0046,0.9954,0.9000,63.0960,0.3000,650,466.09,0.0281,0.0914,60,1192
2.3688e-05,1.0000,0.9000,63.0960,0.4000,650,409.84,0.0275,0.0687,60,1193
3.0599e-05,1.0000,0.9000,63.0960,0.5000,650,349.8,0.0275,0.0550,60,1194
-0.0149,1.0149,0.9000,63.0960,0.6000,649.93,275.44,0.0278,0.0458,60,1195
7.8411e-04,0.9992,0.9000,63.0960,0.7000,649.53,230.06,0.0275,0.0393,60,1196
0.0048,0.9952,0.9000,63.0960,0.8000,644.85,149.72,0.0274,0.0337,60,1197
0.0124,0.9876,0.9000,63.0960,0.9000,634.31,112.84,0.0276,0.0304,60,1198
0.0467,0.9533,0.9000,63.0960,1,612.6,79.428,0.0279,0.0274,60,1199
0.3693,0.6307,0.1000,1,0.0100,428.43,646.22,1.7373,172.9590,60,12
0.5106,0.4894,1,1,0.9000,343.65,385.63,1.7375,1.9300,60,120
-3.8257e-04,1.0004,1,63.0960,0.0100,650,643.89,0.0280,2.7537,60,1200
1.2717e-04,0.9999,1,63.0960,0.1000,650,590.01,0.0275,0.2753,60,1201
6.7996e-05,0.9999,1,63.0960,0.2000,650,530.01,0.0275,0.1377,60,1202
-0.0059,1.0059,1,63.0960,0.3000,650,466.48,0.0277,0.0912,60,1203
-0.0070,1.0070,1,63.0960,0.4000,650,400.28,0.0284,0.0688,60,1204
7.8142e-05,0.9999,1,63.0960,0.5000,649.98,350.02,0.0275,0.0551,60,1205
-0.0126,1.0126,1,63.0960,0.6000,649.68,283.69,0.0277,0.0461,60,1206
-0.0030,1.0030,1,63.0960,0.7000,648.58,239.62,0.0268,0.0392,60,1207
0.0148,0.9852,1,63.0960,0.8000,642.95,174.5,0.0272,0.0339,60,1208
0.0264,0.9736,1,63.0960,0.9000,628.3,125.62,0.0276,0.0306,60,1209
0.5238,0.4762,1,1,1,335.75,364.25,1.7370,1.7370,18,121
0.0710,0.9290,1,63.0960,1,607.43,92.59,0.0275,0.0275,60,1210
0.0204,0.9796,0,100,0.0100,650,644.25,0.0170,1.7373,60,1211
-0.0036,1.0036,0,100,0.1000,650,592.66,0.0165,0.1739,60,1212
-0.0142,1.0142,0,100,0.2000,650,533.47,0.0166,0.0863,60,1213
-9.4033e-05,1.0001,0,100,0.3000,650,469.98,0.0174,0.0579,60,1214
-0.0020,1.0020,0,100,0.4000,650,410.13,0.0173,0.0434,60,1215
-1.7874e-04,1.0002,0,100,0.5000,650,349.95,0.0174,0.0347,38,1216
-3.5765e-05,1.0000,0,100,0.6000,650,289.98,0.0174,0.0290,58,1217
-1.7788e-05,1.0000,0,100,0.7000,650,229.99,0.0174,0.0248,60,1218
-0.0054,1.0054,0,100,0.8000,650,162.76,0.0175,0.0222,60,1219
0.2065,0.7935,0,1.5849,0.0100,525.96,645.24,1.0965,109.6372,60,122
0.0020,0.9980,0,100,0.9000,650,109.51,0.0173,0.0191,60,1220
0.0399,0.9601,0,100,1,648.99,82.319,0.0169,0.0172,60,1221
0.0027,0.9973,0.1000,100,0.0100,650,644.09,0.0171,1.7242,60,1222
-0.0195,1.0195,0.1000,100,0.1000,650,588.01,0.0176,0.1724,60,1223
-0.0113,1.0113,0.1000,100,0.2000,650,527.57,0.0175,0.0860,60,1224
-0.0248,1.0248,0.1000,100,0.3000,650,467.16,0.0172,0.0575,60,1225
-0.0069,1.0069,0.1000,100,0.4000,650,410.31,0.0172,0.0431,60,1226
0.0100,0.9900,0.1000,100,0.5000,650,351.84,0.0174,0.0345,60,1227
0.0195,0.9805,0.1000,100,0.6000,650,300.22,0.0172,0.0285,60,1228
-0.0061,1.0061,0.1000,100,0.7000,650,234.13,0.0171,0.0246,60,1229
0.2215,0.7785,0,1.5849,0.1000,517.12,603.29,1.0961,10.9608,29,123
3.9878e-05,1.0000,0.1000,100,0.8000,650,169.48,0.0174,0.0215,15,1230
-0.0187,1.0187,0.1000,100,0.9000,649.78,96.997,0.0173,0.0186,60,1231
0.0050,0.9950,0.1000,100,1,648.02,66.789,0.0170,0.0174,60,1232
-1.6125e-04,1.0002,0.2000,100,0.0100,650,643.99,0.0174,1.7280,26,1233
-0.0016,1.0016,0.2000,100,0.1000,650,589.5,0.0174,0.1727,60,1234
0.0023,0.9977,0.2000,100,0.2000,650,530.7,0.0173,0.0865,60,1235
-0.0027,1.0027,0.2000,100,0.3000,650,471.26,0.0172,0.0575,60,1236
-0.0246,1.0246,0.2000,100,0.4000,650,401.96,0.0175,0.0432,60,1237
1.6320e-05,1.0000,0.2000,100,0.5000,650,349.62,0.0174,0.0346,36,1238
-0.0066,1.0066,0.2000,100,0.6000,650,285.72,0.0174,0.0288,60,1239
0.2385,0.7615,0,1.5849,0.2000,506.86,558.63,1.0960,5.4805,60,124
0.0396,0.9604,0.2000,100,0.7000,650,242.22,0.0175,0.0247,60,1240
0.0034,0.9966,0.2000,100,0.8000,650,165.52,0.0176,0.0217,60,1241
1.5774e-04,0.9998,0.2000,100,0.9000,649.91,109.73,0.0174,0.0192,31,1242
0.0193,0.9807,0.2000,100,1,644.1,64.14,0.0173,0.0173,60,1243
-0.0112,1.0112,0.3000,100,0.0100,650,643.83,0.0177,1.7291,60,1244
0.0129,0.9871,0.3000,100,0.1000,650,590.66,0.0174,0.1729,60,1245
-0.0129,1.0129,0.3000,100,0.2000,650,526.04,0.0177,0.0865,60,1246
0.0108,0.9892,0.3000,100,0.3000,650,471.94,0.0174,0.0575,60,1247
-0.0093,1.0093,0.3000,100,0.4000,650,404.17,0.0176,0.0432,60,1248
-0.0183,1.0183,0.3000,100,0.5000,650,354.3,0.0168,0.0345,60,1249
0.2561,0.7439,0,1.5849,0.3000,496.16,516.06,1.0964,3.6535,60,125
-5.8680e-06,1.0000,0.3000,100,0.6000,650,289.6,0.0174,0.0288,38,1250
-0.0143,1.0143,0.3000,100,0.7000,650,218.62,0.0176,0.0247,60,1251
7.1086e-06,1.0000,0.3000,100,0.8000,650,169.57,0.0174,0.0216,35,1252
8.1553e-04,0.9992,0.3000,100,0.9000,649.54,110.08,0.0174,0.0192,15,1253
0.0115,0.9885,0.3000,100,1,635.5,57.844,0.0177,0.0172,60,1254
0.0205,0.9795,0.4000,100,0.0100,650,644.34,0.0167,1.7307,60,1255
-0.0498,1.0498,0.4000,100,0.1000,650,585.74,0.0177,0.1731,60,1256
-0.0018,1.0018,0.4000,100,0.2000,650,532.25,0.0170,0.0865,60,1257
1.6044e-05,1.0000,0.4000,100,0.3000,650,469.85,0.0174,0.0577,60,1258
-0.0134,1.0134,0.4000,100,0.4000,650,422.19,0.0162,0.0433,60,1259
0.2742,0.7258,0,1.5849,0.4000,485.46,475.79,1.0960,2.7399,60,126
0.0038,0.9962,0.4000,100,0.5000,650,359.05,0.0170,0.0345,60,1260
4.4321e-06,1.0000,0.4000,100,0.6000,650,289.66,0.0174,0.0288,60,1261
2.3348e-05,1.0000,0.4000,100,0.7000,650,229.63,0.0174,0.0247,37,1262
0.0019,0.9981,0.4000,100,0.8000,650,173.91,0.0172,0.0216,60,1263
0.0015,0.9985,0.4000,100,0.9000,649.12,110.5,0.0174,0.0192,15,1264
0.0216,0.9784,0.4000,100,1,634.88,65.022,0.0174,0.0173,16,1265
0.0041,0.9959,0.5000,100,0.0100,650,644.08,0.0172,1.7312,60,1266
0.1848,0.8152,0.5000,100,0.1000,650,600.17,0.0176,0.1731,60,1267
0.0066,0.9934,0.5000,100,0.2000,650,529.82,0.0175,0.0866,60,1268
-0.0089,1.0089,0.5000,100,0.3000,650,464.43,0.0175,0.0576,60,1269
0.2926,0.7074,0,1.5849,0.5000,474.49,437.85,1.0960,2.1924,60,127
-0.0016,1.0016,0.5000,100,0.4000,650,416.52,0.0169,0.0433,60,1270
5.3673e-06,1.0000,0.5000,100,0.5000,650,349.74,0.0174,0.0346,60,1271
0.0370,0.9630,0.5000,100,0.6000,650,295.12,0.0178,0.0288,60,1272
-0.0029,1.0029,0.5000,100,0.7000,650,230.86,0.0172,0.0247,60,1273
2.2338e-05,1.0000,0.5000,100,0.8000,649.98,169.64,0.0174,0.0216,60,1274
-0.0080,1.0080,0.5000,100,0.9000,648.01,97.232,0.0175,0.0191,60,1275
0.0275,0.9725,0.5000,100,1,631.96,62.827,0.0177,0.0174,60,1276
0.0808,0.9192,0.6000,100,0.0100,650,644.63,0.0169,1.7320,60,1277
0.0051,0.9949,0.6000,100,0.1000,650,589.5,0.0176,0.1730,60,1278
0.0048,0.9952,0.6000,100,0.2000,650,529.58,0.0175,0.0866,60,1279
0.3112,0.6888,0,1.5849,0.6000,463.32,402.09,1.0958,1.8268,60,128
0.0016,0.9984,0.6000,100,0.3000,650,471.32,0.0173,0.0578,60,1280
-0.0283,1.0283,0.6000,100,0.4000,650,417.25,0.0164,0.0432,60,1281
7.1245e-06,1.0000,0.6000,100,0.5000,650,349.79,0.0174,0.0346,60,1282
9.9254e-06,1.0000,0.6000,100,0.6000,650,289.75,0.0174,0.0289,60,1283
-0.0220,1.0220,0.6000,100,0.7000,650,221.99,0.0173,0.0247,60,1284
0.0184,0.9816,0.6000,100,0.8000,649.98,180.54,0.0173,0.0216,60,1285
0.0072,0.9928,0.6000,100,0.9000,648.72,112.84,0.0174,0.0192,60,1286
0.0239,0.9761,0.6000,100,1,635.22,65.893,0.0174,0.0175,60,1287
0.0295,0.9705,0.7000,100,0.0100,650,644.07,0.0177,1.7327,60,1288
1.0958e-04,0.9999,0.7000,100,0.1000,650,589.97,0.0174,0.1733,60,1289
0.3302,0.6698,0,1.5849,0.7000,451.97,368.67,1.0961,1.5660,60,129
0.0073,0.9927,0.7000,100,0.2000,650,533.78,0.0169,0.0867,60,1290
-0.0560,1.0560,0.7000,100,0.3000,650,465.36,0.0169,0.0577,60,1291
-0.0192,1.0192,0.7000,100,0.4000,650,406.22,0.0169,0.0432,60,1292
0.0031,0.9969,0.7000,100,0.5000,650,341.23,0.0177,0.0345,60,1293
-0.0093,1.0093,0.7000,100,0.6000,650,290.01,0.0171,0.0288,60,1294
0.0105,0.9895,0.7000,100,0.7000,650,229.18,0.0170,0.0246,60,1295
1.1076e-04,0.9999,0.7000,100,0.8000,649.94,169.76,0.0174,0.0217,60,1296
0.0177,0.9823,0.7000,100,0.9000,649.43,134.96,0.0173,0.0194,60,1297
-0.0024,1.0024,0.7000,100,1,640.54,89.203,0.0167,0.0176,60,1298
0.0169,0.9831,0.8000,100,0.0100,650,644.18,0.0171,1.7335,60,1299
0.3815,0.6185,0.1000,1,0.1000,421.04,612.89,1.7370,17.2972,60,13
0.3490,0.6510,0,1.5849,0.8000,440.54,337.54,1.0958,1.3698,60,130
0.0042,0.9958,0.8000,100,0.1000,650,591.98,0.0169,0.1734,60,1300
-0.0257,1.0257,0.8000,100,0.2000,650,529.28,0.0173,0.0867,60,1301
0.0322,0.9678,0.8000,100,0.3000,650,472.52,0.0179,0.0577,60,1302
0.0083,0.9917,0.8000,100,0.4000,650,413.44,0.0174,0.0435,60,1303
-1.5378e-05,1.0000,0.8000,100,0.5000,650,349.82,0.0174,0.0347,60,1304
-0.0214,1.0214,0.8000,100,0.6000,650,297.46,0.0167,0.0288,60,1305
0.0072,0.9928,0.8000,100,0.7000,649.99,225.93,0.0176,0.0248,60,1306
-0.0309,1.0309,0.8000,100,0.8000,649.46,144.15,0.0176,0.0214,60,1307
-0.0088,1.0088,0.8000,100,0.9000,646.47,109.18,0.0174,0.0194,60,1308
0.0110,0.9890,0.8000,100,1,630.69,69.558,0.0176,0.0170,60,1309
0.3683,0.6317,0,1.5849,0.9000,429.02,308.54,1.0967,1.2173,60,131
-0.0938,1.0938,0.9000,100,0.0100,650,643.57,0.0169,1.7337,60,1310
0.0241,0.9759,0.9000,100,0.1000,650,589.09,0.0181,0.1734,60,1311
0.0484,0.9516,0.9000,100,0.2000,650,532.59,0.0172,0.0861,60,1312
5.2863e-05,0.9999,0.9000,100,0.3000,650,469.88,0.0174,0.0578,60,1313
3.7376e-05,1.0000,0.9000,100,0.4000,650,409.86,0.0174,0.0434,60,1314
0.0284,0.9716,0.9000,100,0.5000,650,347.39,0.0177,0.0344,60,1315
2.7883e-05,1.0000,0.9000,100,0.6000,650,289.77,0.0174,0.0289,60,1316
-0.0355,1.0355,0.9000,100,0.7000,649.86,205.28,0.0175,0.0245,60,1317
0.0011,0.9989,0.9000,100,0.8000,649.3,170.27,0.0174,0.0217,60,1318
-0.0019,1.0019,0.9000,100,0.9000,642.41,105.88,0.0167,0.0193,60,1319
0.3867,0.6133,0,1.5849,1,417.71,282.06,1.0965,1.0960,60,132
0.0397,0.9603,0.9000,100,1,625.24,74.622,0.0174,0.0173,60,1320
0.0302,0.9698,1,100,0.0100,650,644.48,0.0165,1.7374,60,1321
8.2316e-04,0.9992,1,100,0.1000,650,590.52,0.0173,0.1738,60,1322
0.0151,0.9849,1,100,0.2000,650,532.78,0.0173,0.0870,60,1323
-0.0128,1.0128,1,100,0.3000,650,468.03,0.0175,0.0580,60,1324
0.0038,0.9962,1,100,0.4000,650,415.02,0.0170,0.0431,60,1325
-0.0041,1.0041,1,100,0.5000,650,350.74,0.0173,0.0348,60,1326
0.0049,0.9951,1,100,0.6000,649.98,289.39,0.0175,0.0289,60,1327
6.5835e-04,0.9993,1,100,0.7000,649.61,230.28,0.0174,0.0248,60,1328
0.0046,0.9954,1,100,0.8000,646.81,165.11,0.0173,0.0217,60,1329
0.2067,0.7933,0.1000,1.5849,0.0100,526.11,645.24,1.0959,109.1545,60,133
0.0247,0.9753,1,100,0.9000,637.12,120.87,0.0174,0.0193,60,1330
0.0564,0.9436,1,100,1,616.15,83.83,0.0174,0.0174,60,1331
0.2217,0.7783,0.1000,1.5849,0.1000,516.97,603.3,1.0961,10.8791,32,134
0.2391,0.7609,0.1000,1.5849,0.2000,506.57,558.68,1.0962,5.4578,60,135
0.2568,0.7432,0.1000,1.5849,0.3000,495.88,516.22,1.0960,3.6361,60,136
0.2748,0.7252,0.1000,1.5849,0.4000,484.92,476,1.0956,2.7284,60,137
0.2937,0.7063,0.1000,1.5849,0.5000,473.91,438.12,1.0960,2.1828,60,138
0.3126,0.6874,0.1000,1.5849,0.6000,462.49,402.45,1.0964,1.8190,60,139
0.3951,0.6049,0.1000,1,0.2000,412.86,577.43,1.7369,8.6488,60,14
0.3314,0.6686,0.1000,1.5849,0.7000,451.16,369.18,1.0961,1.5591,29,140
0.3504,0.6496,0.1000,1.5849,0.8000,439.75,338.2,1.0961,1.3642,29,141
0.3693,0.6307,0.1000,1.5849,0.9000,428.34,309.48,1.0959,1.2127,60,142
0.3857,0.6143,0.1000,1.5849,1,417.02,282.98,1.0961,1.0914,29,143
0.2066,0.7934,0.2000,1.5849,0.0100,525.96,645.24,1.0961,109.2878,60,144
0.2223,0.7777,0.2000,1.5849,0.1000,516.55,603.33,1.0960,10.9288,60,145
0.2403,0.7597,0.2000,1.5849,0.2000,505.83,558.83,1.0960,5.4645,60,146
0.2587,0.7413,0.2000,1.5849,0.3000,494.8,516.54,1.0961,3.6343,28,147
0.2776,0.7224,0.2000,1.5849,0.4000,483.58,476.56,1.0964,2.7322,60,148
0.2961,0.7039,0.2000,1.5849,0.5000,472.16,438.89,1.0957,2.1858,60,149
0.4089,0.5911,0.1000,1,0.3000,404.68,543.59,1.7374,5.7658,60,15
0.3155,0.6845,0.2000,1.5849,0.6000,460.56,403.5,1.0964,1.8215,60,150
0.3347,0.6653,0.2000,1.5849,0.7000,449.18,370.56,1.0961,1.5576,26,151
0.3539,0.6461,0.2000,1.5849,0.8000,437.65,339.86,1.0961,1.3629,27,152
0.3730,0.6270,0.2000,1.5849,0.9000,426.18,311.44,1.0960,1.2144,60,153
0.3901,0.6099,0.2000,1.5849,1,414.75,285.15,1.0960,1.0929,60,154
0.2068,0.7932,0.3000,1.5849,0.0100,525.94,645.24,1.0961,109.3202,60,155
0.2235,0.7765,0.3000,1.5849,0.1000,516.19,603.41,1.0959,10.9320,60,156
0.2421,0.7579,0.3000,1.5849,0.2000,504.81,559.03,1.0962,5.4660,60,157
0.2611,0.7389,0.3000,1.5849,0.3000,493.36,516.98,1.0961,3.6366,33,158
0.2805,0.7195,0.3000,1.5849,0.4000,481.73,477.25,1.0964,2.7330,60,159
0.4224,0.5776,0.1000,1,0.4000,396.56,511.37,1.7372,4.3243,33,16
0.2999,0.7001,0.3000,1.5849,0.5000,470.07,439.95,1.0961,2.1819,28,160
0.3193,0.6807,0.3000,1.5849,0.6000,458.37,405,1.0958,1.8221,60,161
0.3390,0.6610,0.3000,1.5849,0.7000,446.62,372.35,1.0962,1.5618,60,162
0.3585,0.6415,0.3000,1.5849,0.8000,434.69,341.9,1.0967,1.3665,60,163
0.3779,0.6221,0.3000,1.5849,0.9000,423.21,313.82,1.0968,1.2146,60,164
0.3952,0.6048,0.3000,1.5849,1,412.17,288.1,1.0957,1.0932,60,165
0.2069,0.7931,0.4000,1.5849,0.0100,525.88,645.24,1.0961,109.3726,60,166
0.2242,0.7758,0.4000,1.5849,0.1000,515.5,603.44,1.0961,10.9199,31,167
0.2437,0.7563,0.4000,1.5849,0.2000,503.79,559.23,1.0961,5.4599,34,168
0.2635,0.7365,0.4000,1.5849,0.3000,491.95,517.41,1.0962,3.6460,60,169
0.4358,0.5642,0.1000,1,0.5000,388.5,480.75,1.7372,3.4595,32,17
0.2832,0.7168,0.4000,1.5849,0.4000,479.93,477.97,1.0959,2.7345,60,170
0.3031,0.6969,0.4000,1.5849,0.5000,468.09,441,1.0956,2.1875,60,171
0.3231,0.6769,0.4000,1.5849,0.6000,456.07,406.33,1.0960,1.8229,60,172
0.3431,0.6569,0.4000,1.5849,0.7000,444.21,374.05,1.0962,1.5625,60,173
0.3628,0.6372,0.4000,1.5849,0.8000,432.44,344.04,1.0964,1.3672,60,174
0.3820,0.6180,0.4000,1.5849,0.9000,420.82,316.25,1.0961,1.2133,20,175
0.3997,0.6003,0.4000,1.5849,1,409.39,290.6,1.0961,1.0937,60,176
0.2069,0.7931,0.5000,1.5849,0.0100,526,645.24,1.0952,109.3981,60,177
0.2250,0.7750,0.5000,1.5849,0.1000,514.97,603.49,1.0961,10.9238,32,178
0.2453,0.7547,0.5000,1.5849,0.2000,502.8,559.42,1.0961,5.4619,30,179
0.4491,0.5509,0.1000,1,0.6000,380.53,451.71,1.7369,2.8829,60,18
0.2657,0.7343,0.5000,1.5849,0.3000,490.56,517.81,1.0961,3.6413,32,180
0.2861,0.7139,0.5000,1.5849,0.4000,478.35,478.68,1.0959,2.7349,60,181
0.3065,0.6935,0.5000,1.5849,0.5000,465.99,441.9,1.0962,2.1880,60,182
0.3269,0.6731,0.5000,1.5849,0.6000,453.77,407.49,1.0969,1.8233,60,183
0.3468,0.6532,0.5000,1.5849,0.7000,441.93,375.61,1.0961,1.5605,20,184
0.3666,0.6334,0.5000,1.5849,0.8000,430.02,345.89,1.0963,1.3677,60,185
0.3861,0.6139,0.5000,1.5849,0.9000,418.37,318.4,1.0963,1.2156,60,186
0.4030,0.5970,0.5000,1.5849,1,406.99,292.98,1.0960,1.0923,18,187
0.2071,0.7929,0.6000,1.5849,0.0100,525.76,645.24,1.0961,109.2849,40,188
0.2259,0.7741,0.6000,1.5849,0.1000,514.44,603.56,1.0959,10.9422,60,189
0.4624,0.5376,0.1000,1,0.7000,372.61,424.19,1.7372,2.4711,60,19
0.2472,0.7528,0.6000,1.5849,0.2000,501.82,559.65,1.0960,5.4712,60,190
0.2681,0.7319,0.6000,1.5849,0.3000,489.12,518.24,1.0961,3.6428,34,191
0.2891,0.7109,0.6000,1.5849,0.4000,476.47,479.33,1.0963,2.7355,60,192
0.3099,0.6901,0.6000,1.5849,0.5000,464.06,442.94,1.0961,2.1856,20,193
0.3305,0.6695,0.6000,1.5849,0.6000,451.73,408.93,1.0960,1.8213,19,194
0.3507,0.6493,0.6000,1.5849,0.7000,439.58,377.26,1.0960,1.5610,18,195
0.3706,0.6294,0.6000,1.5849,0.8000,427.63,347.86,1.0960,1.3659,18,196
0.3899,0.6101,0.6000,1.5849,0.9000,416.01,320.74,1.0954,1.2158,60,197
0.4081,0.5919,0.6000,1.5849,1,404.3,295.41,1.0967,1.0941,60,198
0.2070,0.7930,0.7000,1.5849,0.0100,525.68,645.24,1.0959,109.4465,60,199
0.3814,0.6186,0,1,0.1000,421.12,612.88,1.7372,17.3721,60,2
0.4754,0.5246,0.1000,1,0.8000,364.72,398.16,1.7373,2.1622,60,20
0.2270,0.7730,0.7000,1.5849,0.1000,513.81,603.61,1.0961,10.9329,33,200
0.2489,0.7511,0.7000,1.5849,0.2000,500.64,559.85,1.0961,5.4664,34,201
0.2707,0.7293,0.7000,1.5849,0.3000,487.56,518.7,1.0961,3.6443,29,202
0.2923,0.7077,0.7000,1.5849,0.4000,474.62,480.12,1.0961,2.7332,28,203
0.3135,0.6865,0.7000,1.5849,0.5000,461.86,444.06,1.0960,2.1891,60,204
0.3345,0.6655,0.7000,1.5849,0.6000,449.31,410.37,1.0961,1.8221,25,205
0.3552,0.6448,0.7000,1.5849,0.7000,436.89,379.03,1.0966,1.5636,60,206
0.3751,0.6249,0.7000,1.5849,0.8000,424.97,349.98,1.0960,1.3665,18,207
0.3947,0.6053,0.7000,1.5849,0.9000,413.2,323.08,1.0961,1.2148,25,208
0.4122,0.5878,0.7000,1.5849,1,401.77,298.19,1.0959,1.0931,17,209
0.4882,0.5118,0.1000,1,0.9000,357.09,373.64,1.7373,1.9221,60,21
0.2073,0.7927,0.8000,1.5849,0.0100,525.63,645.24,1.0961,109.4737,60,210
0.2281,0.7719,0.8000,1.5849,0.1000,513.15,603.68,1.0961,10.9474,60,211
0.2510,0.7490,0.8000,1.5849,0.2000,499.42,560.09,1.0961,5.4688,35,212
0.2735,0.7265,0.8000,1.5849,0.3000,485.83,519.2,1.0962,3.6492,60,213
0.2957,0.7043,0.8000,1.5849,0.4000,472.57,480.94,1.0961,2.7343,20,214
0.3173,0.6827,0.8000,1.5849,0.5000,459.5,445.22,1.0958,2.1894,60,215
0.3388,0.6612,0.8000,1.5849,0.6000,446.74,411.91,1.0960,1.8227,18,216
0.3596,0.6404,0.8000,1.5849,0.7000,434.32,381.08,1.0959,1.5641,60,217
0.3798,0.6202,0.8000,1.5849,0.8000,422.12,352.25,1.0959,1.3669,17,218
0.3995,0.6005,0.8000,1.5849,0.9000,410.3,325.68,1.0959,1.2150,17,219
0.4987,0.5013,0.1000,1,1,349.51,350.52,1.7372,1.7299,60,22
0.4180,0.5820,0.8000,1.5849,1,398.86,301.2,1.0956,1.0947,60,220
0.2074,0.7926,0.9000,1.5849,0.0100,525.55,645.24,1.0961,109.4249,38,221
0.2293,0.7707,0.9000,1.5849,0.1000,512.51,603.76,1.0960,10.9436,60,222
0.2532,0.7468,0.9000,1.5849,0.2000,498.16,560.37,1.0962,5.4717,60,223
0.2763,0.7237,0.9000,1.5849,0.3000,484.15,519.77,1.0957,3.6481,60,224
0.2993,0.7007,0.9000,1.5849,0.4000,470.4,481.83,1.0961,2.7359,60,225
0.3216,0.6784,0.9000,1.5849,0.5000,457.03,446.46,1.0961,2.1885,29,226
0.3434,0.6566,0.9000,1.5849,0.6000,443.99,413.56,1.0963,1.8238,60,227
0.3644,0.6356,0.9000,1.5849,0.7000,431.38,382.97,1.0960,1.5628,18,228
0.3850,0.6150,0.9000,1.5849,0.8000,419.07,354.68,1.0965,1.3679,60,229
0.3693,0.6307,0.2000,1,0.0100,428.39,646.22,1.7372,173.2106,60,23
0.4046,0.5954,0.9000,1.5849,0.9000,407.23,328.43,1.0959,1.2154,17,230
0.4227,0.5773,0.9000,1.5849,1,395.75,304.18,1.0956,1.0936,16,231
0.2075,0.7925,1,1.5849,0.0100,525.57,645.25,1.0956,109.6080,60,232
0.2304,0.7696,1,1.5849,0.1000,511.75,603.83,1.0961,10.9608,36,233
0.2553,0.7447,1,1.5849,0.2000,496.84,560.63,1.0961,5.4804,37,234
0.2795,0.7205,1,1.5849,0.3000,482.33,520.3,1.0961,3.6536,60,235
0.3029,0.6971,1,1.5849,0.4000,468.23,482.71,1.0960,2.7400,19,236
0.3257,0.6743,1,1.5849,0.5000,454.55,447.72,1.0960,2.1919,18,237
0.3479,0.6521,1,1.5849,0.6000,441.26,415.22,1.0961,1.8267,60,238
0.3692,0.6308,1,1.5849,0.7000,428.45,385.08,1.0960,1.5657,19,239
0.3819,0.6181,0.2000,1,0.1000,420.87,612.92,1.7371,17.3211,60,24
0.3899,0.6101,1,1.5849,0.8000,416.08,357.14,1.0958,1.3698,17,240
0.4098,0.5902,1,1.5849,0.9000,404.11,331.3,1.0958,1.2176,17,241
0.4291,0.5709,1,1.5849,1,392.54,307.41,1.0960,1.0960,60,242
0.0826,0.9174,0,2.5119,0.0100,600.64,644.5,0.6913,69.1573,60,243
0.0948,0.9052,0,2.5119,0.1000,593.1,595.69,0.6916,6.9158,28,244
0.1102,0.8898,0,2.5119,0.2000,583.88,543.22,0.6916,3.4579,26,245
0.1272,0.8728,0,2.5119,0.3000,573.62,492.85,0.6917,2.3052,60,246
0.1458,0.8542,0,2.5119,0.4000,562.49,445,0.6916,1.7289,25,247
0.1664,0.8336,0,2.5119,0.5000,550.38,399.78,0.6919,1.3831,60,248
0.1878,0.8122,0,2.5119,0.6000,537.5,357.7,0.6914,1.1530,60,249
0.3959,0.6041,0.2000,1,0.2000,412.56,577.53,1.7365,8.6605,60,25
0.2106,0.7894,0,2.5119,0.7000,523.65,318.45,0.6916,0.9880,30,250
0.2346,0.7654,0,2.5119,0.8000,509.27,282.59,0.6916,0.8644,20,251
0.2599,0.7401,0,2.5119,0.9000,494.41,250.02,0.6919,0.7681,60,252
0.2847,0.7153,0,2.5119,1,479.16,220.84,0.6915,0.6915,19,253
0.0824,0.9176,0.1000,2.5119,0.0100,600.52,644.49,0.6916,68.8722,60,254
0.0951,0.9049,0.1000,2.5119,0.1000,592.92,595.69,0.6916,6.8643,30,255
0.1110,0.8890,0.1000,2.5119,0.2000,583.68,543.38,0.6912,3.4437,60,256
0.1281,0.8719,0.1000,2.5119,0.3000,573.11,493.03,0.6916,2.2881,27,257
0.1472,0.8528,0.1000,2.5119,0.4000,561.65,445.22,0.6919,1.7218,60,258
0.1676,0.8324,0.1000,2.5119,0.5000,549.45,400.23,0.6916,1.3729,27,259
0.4099,0.5901,0.2000,1,0.3000,404.06,543.77,1.7373,5.7737,60,26
0.1895,0.8105,0.1000,2.5119,0.6000,536.33,358.16,0.6916,1.1471,32,260
0.2125,0.7875,0.1000,2.5119,0.7000,522.47,319.25,0.6916,0.9837,28,261
0.2367,0.7633,0.1000,2.5119,0.8000,508.01,283.58,0.6916,0.8607,28,262
0.2615,0.7385,0.1000,2.5119,0.9000,493.09,251.19,0.6916,0.7627,20,263
0.2839,0.7161,0.1000,2.5119,1,477.83,222.14,0.6914,0.6885,60,264
0.0826,0.9174,0.2000,2.5119,0.0100,600.49,644.49,0.6916,68.9554,60,265
0.0959,0.9041,0.2000,2.5119,0.1000,592.44,595.74,0.6916,6.8793,29,266
0.1124,0.8876,0.2000,2.5119,0.2000,582.66,543.52,0.6913,3.4478,60,267
0.1306,0.8694,0.2000,2.5119,0.3000,571.65,493.46,0.6916,2.2931,31,268
0.1503,0.8497,0.2000,2.5119,0.4000,559.83,446.02,0.6916,1.7198,26,269
0.4236,0.5764,0.2000,1,0.4000,395.84,511.69,1.7368,4.3302,60,27
0.1715,0.8285,0.2000,2.5119,0.5000,547.13,401.38,0.6916,1.3759,24,270
0.1936,0.8064,0.2000,2.5119,0.6000,533.38,359.55,0.6918,1.1493,60,271
0.2176,0.7824,0.2000,2.5119,0.7000,519.62,321.34,0.6916,0.9851,60,272
0.2416,0.7584,0.2000,2.5119,0.8000,505.09,286.24,0.6911,0.8619,60,273
0.2668,0.7332,0.2000,2.5119,0.9000,489.84,254.09,0.6915,0.7662,60,274
0.2885,0.7115,0.2000,2.5119,1,474.64,225.34,0.6915,0.6879,18,275
0.0826,0.9174,0.3000,2.5119,0.0100,600.42,644.49,0.6916,68.8345,35,276
0.0971,0.9029,0.3000,2.5119,0.1000,591.75,595.81,0.6917,6.8976,60,277
0.1143,0.8857,0.3000,2.5119,0.2000,581.21,543.73,0.6914,3.4491,60,278
0.1334,0.8666,0.3000,2.5119,0.3000,569.53,493.95,0.6918,2.2992,60,279
0.4373,0.5627,0.2000,1,0.5000,387.6,481.2,1.7372,3.4560,30,28
0.1545,0.8455,0.3000,2.5119,0.4000,557.31,447.03,0.6916,1.7209,28,280
0.1765,0.8235,0.3000,2.5119,0.5000,544.11,402.89,0.6916,1.3767,20,281
0.1996,0.8004,0.3000,2.5119,0.6000,530.23,361.81,0.6915,1.1472,19,282
0.2237,0.7763,0.3000,2.5119,0.7000,515.8,323.9,0.6915,0.9833,19,283
0.2484,0.7516,0.3000,2.5119,0.8000,501.15,289.33,0.6914,0.8622,60,284
0.2736,0.7264,0.3000,2.5119,0.9000,485.84,257.71,0.6915,0.7648,18,285
0.2957,0.7043,0.3000,2.5119,1,470.58,229.39,0.6916,0.6883,20,286
0.0826,0.9174,0.4000,2.5119,0.0100,600.36,644.49,0.6915,68.8998,37,287
0.0982,0.9018,0.4000,2.5119,0.1000,591.09,595.87,0.6916,6.8900,32,288
0.1169,0.8831,0.4000,2.5119,0.2000,579.87,543.99,0.6916,3.4450,32,289
0.4508,0.5492,0.2000,1,0.6000,379.49,452.31,1.7372,2.8800,32,29
0.1373,0.8627,0.4000,2.5119,0.3000,567.79,494.68,0.6916,2.3003,60,290
0.1590,0.8410,0.4000,2.5119,0.4000,554.83,448.08,0.6918,1.7252,60,291
0.1814,0.8186,0.4000,2.5119,0.5000,541.29,404.54,0.6912,1.3802,60,292
0.2052,0.7948,0.4000,2.5119,0.6000,526.92,363.83,0.6916,1.1483,26,293
0.2296,0.7704,0.4000,2.5119,0.7000,512.31,326.45,0.6914,0.9858,60,294
0.2546,0.7454,0.4000,2.5119,0.8000,497.27,292.15,0.6917,0.8626,60,295
0.2798,0.7202,0.4000,2.5119,0.9000,482.1,261.07,0.6914,0.7654,17,296
0.3026,0.6974,0.4000,2.5119,1,466.89,233.08,0.6914,0.6889,17,297
0.0829,0.9171,0.5000,2.5119,0.0100,600.3,644.5,0.6916,69.0245,60,298
0.0994,0.9006,0.5000,2.5119,0.1000,590.38,595.94,0.6916,6.8924,30,299
0.3950,0.6050,0,1,0.2000,413.03,577.39,1.7372,8.6859,36,3
0.4642,0.5358,0.2000,1,0.7000,371.49,424.96,1.7372,2.4686,30,30
0.1192,0.8808,0.5000,2.5119,0.2000,578.5,544.26,0.6916,3.4462,29,300
0.1404,0.8596,0.5000,2.5119,0.3000,565.77,495.22,0.6916,2.2975,26,301
0.1625,0.8375,0.5000,2.5119,0.4000,552.17,448.96,0.6916,1.7256,60,302
0.1863,0.8137,0.5000,2.5119,0.5000,538.24,405.82,0.6916,1.3785,27,303
0.2109,0.7891,0.5000,2.5119,0.6000,523.66,365.71,0.6921,1.1507,60,304
0.2352,0.7648,0.5000,2.5119,0.7000,508.88,328.88,0.6913,0.9862,60,305
0.2604,0.7396,0.5000,2.5119,0.8000,493.74,294.95,0.6914,0.8614,17,306
0.2857,0.7143,0.5000,2.5119,0.9000,478.56,264.25,0.6914,0.7657,17,307
0.3086,0.6914,0.5000,2.5119,1,463.43,236.52,0.6913,0.6890,16,308
0.0830,0.9170,0.6000,2.5119,0.0100,600.2,644.5,0.6916,69.0399,60,309
0.4773,0.5227,0.2000,1,0.8000,363.58,399.11,1.7372,2.1651,60,31
0.1006,0.8994,0.6000,2.5119,0.1000,589.61,596.02,0.6916,6.8954,30,310
0.1216,0.8784,0.6000,2.5119,0.2000,577.01,544.56,0.6916,3.4477,35,311
0.1439,0.8561,0.6000,2.5119,0.3000,563.66,495.85,0.6915,2.2983,19,312
0.1672,0.8328,0.6000,2.5119,0.4000,549.67,450.07,0.6915,1.7237,19,313
0.1914,0.8086,0.6000,2.5119,0.5000,535.17,407.35,0.6916,1.3791,26,314
0.2161,0.7839,0.6000,2.5119,0.6000,520.34,367.73,0.6914,1.1490,17,315
0.2413,0.7587,0.6000,2.5119,0.7000,505.24,331.27,0.6914,0.9848,17,316
0.2666,0.7334,0.6000,2.5119,0.8000,490.01,297.93,0.6916,0.8619,39,317
0.2919,0.7081,0.6000,2.5119,0.9000,474.86,267.57,0.6913,0.7658,16,318
0.3150,0.6850,0.6000,2.5119,1,459.77,240.18,0.6913,0.6893,16,319
0.4904,0.5096,0.2000,1,0.9000,355.6,374.66,1.7382,1.9246,60,32
0.0831,0.9169,0.7000,2.5119,0.0100,600.12,644.5,0.6916,68.9818,35,320
0.1022,0.8978,0.7000,2.5119,0.1000,588.63,596.06,0.6924,6.9055,60,321
0.1244,0.8756,0.7000,2.5119,0.2000,575.38,544.88,0.6916,3.4491,36,322
0.1478,0.8522,0.7000,2.5119,0.3000,561.34,496.55,0.6916,2.2994,25,323
0.1721,0.8279,0.7000,2.5119,0.4000,546.77,451.26,0.6916,1.7264,60,324
0.1970,0.8030,0.7000,2.5119,0.5000,531.65,408.91,0.6920,1.3814,60,325
0.2226,0.7774,0.7000,2.5119,0.6000,516.49,369.88,0.6921,1.1506,60,326
0.2478,0.7522,0.7000,2.5119,0.7000,501.33,334,0.6914,0.9852,17,327
0.2733,0.7267,0.7000,2.5119,0.8000,486.01,301.13,0.6914,0.8621,17,328
0.2987,0.7013,0.7000,2.5119,0.9000,470.8,271.21,0.6913,0.7662,16,329
0.5015,0.4985,0.2000,1,1,348.19,351.77,1.7374,1.7321,60,33
0.3231,0.6769,0.7000,2.5119,1,455.76,244.29,0.6917,0.6909,60,330
0.0835,0.9165,0.8000,2.5119,0.0100,600.1,644.5,0.6913,69.0732,60,331
0.1036,0.8964,0.8000,2.5119,0.1000,587.82,596.21,0.6916,6.9073,50,332
0.1274,0.8726,0.8000,2.5119,0.2000,573.58,545.25,0.6916,3.4506,31,333
0.1520,0.8480,0.8000,2.5119,0.3000,558.8,497.31,0.6916,2.3004,34,334
0.1773,0.8227,0.8000,2.5119,0.4000,543.63,452.49,0.6916,1.7253,30,335
0.2035,0.7965,0.8000,2.5119,0.5000,528.18,410.86,0.6920,1.3816,60,336
0.2287,0.7713,0.8000,2.5119,0.6000,512.93,372.66,0.6909,1.1514,60,337
0.2542,0.7458,0.8000,2.5119,0.7000,497.13,337.16,0.6909,0.9869,60,338
0.2806,0.7194,0.8000,2.5119,0.8000,481.68,304.59,0.6913,0.8623,16,339
0.3694,0.6306,0.3000,1,0.0100,428.36,646.22,1.7374,173.2621,60,34
0.3060,0.6940,0.8000,2.5119,0.9000,466.41,275.16,0.6913,0.7665,16,340
0.3296,0.6704,0.8000,2.5119,1,451.04,248.14,0.6919,0.6901,60,341
0.0836,0.9164,0.9000,2.5119,0.0100,599.84,644.5,0.6920,69.0860,60,342
0.1054,0.8946,0.9000,2.5119,0.1000,586.78,596.3,0.6916,6.9032,28,343
0.1306,0.8694,0.9000,2.5119,0.2000,571.64,545.63,0.6916,3.4516,26,344
0.1567,0.8433,0.9000,2.5119,0.3000,556.07,498.12,0.6918,2.3028,60,345
0.1827,0.8173,0.9000,2.5119,0.4000,540.26,453.86,0.6915,1.7271,60,346
0.2095,0.7905,0.9000,2.5119,0.5000,524.32,412.76,0.6916,1.3806,38,347
0.2360,0.7640,0.9000,2.5119,0.6000,508.57,375.06,0.6915,1.1517,60,348
0.2623,0.7377,0.9000,2.5119,0.7000,492.94,340.46,0.6911,0.9871,60,349
0.3825,0.6175,0.3000,1,0.1000,420.54,612.95,1.7373,17.3262,60,35
0.2883,0.7117,0.9000,2.5119,0.8000,477.02,308.29,0.6914,0.8627,17,350
0.3138,0.6862,0.9000,2.5119,0.9000,461.74,279.34,0.6913,0.7667,16,351
0.3375,0.6625,0.9000,2.5119,1,446.79,253.12,0.6913,0.6900,16,352
0.0837,0.9163,1,2.5119,0.0100,599.83,644.5,0.6914,69.1577,60,353
0.1071,0.8929,1,2.5119,0.1000,585.67,596.42,0.6916,6.9159,60,354
0.1343,0.8657,1,2.5119,0.2000,569.5,546,0.6924,3.4579,60,355
0.1613,0.8387,1,2.5119,0.3000,553.22,499.03,0.6916,2.3053,60,356
0.1887,0.8113,1,2.5119,0.4000,536.75,455.28,0.6916,1.7289,60,357
0.2158,0.7842,1,2.5119,0.5000,520.32,414.88,0.6914,1.3833,60,358
0.2432,0.7568,1,2.5119,0.6000,504.06,377.55,0.6913,1.1521,16,359
0.3968,0.6032,0.3000,1,0.2000,411.89,577.63,1.7370,8.6631,60,36
0.2700,0.7300,1,2.5119,0.7000,488,343.38,0.6913,0.9875,17,360
0.2962,0.7038,1,2.5119,0.8000,472.27,312.18,0.6913,0.8641,16,361
0.3218,0.6782,1,2.5119,0.9000,456.9,283.76,0.6913,0.7681,17,362
0.3467,0.6533,1,2.5119,1,442,258,0.6913,0.6913,16,363
0.0192,0.9808,0,3.9811,0.0100,638.46,644.12,0.4364,43.6356,60,364
0.0251,0.9749,0,3.9811,0.1000,634.95,591.5,0.4364,4.3636,32,365
0.0334,0.9666,0,3.9811,0.2000,629.97,534.01,0.4364,2.1818,26,366
0.0439,0.9561,0,3.9811,0.3000,623.63,477.91,0.4364,1.4545,23,367
0.0571,0.9429,0,3.9811,0.4000,615.71,423.72,0.4364,1.0909,30,368
0.0735,0.9265,0,3.9811,0.5000,606.13,372.35,0.4364,0.8731,60,369
0.4112,0.5888,0.3000,1,0.3000,403.29,544.02,1.7372,5.7636,31,37
0.0927,0.9073,0,3.9811,0.6000,594.39,323.37,0.4364,0.7273,27,370
0.1153,0.8847,0,3.9811,0.7000,580.81,278.43,0.4363,0.6233,20,371
0.1411,0.8589,0,3.9811,0.8000,565.33,237.74,0.4363,0.5454,20,372
0.1696,0.8304,0,3.9811,0.9000,548.38,201.93,0.4365,0.4853,60,373
0.2007,0.7993,0,3.9811,1,529.55,170.45,0.4363,0.4363,18,374
0.0193,0.9807,0.1000,3.9811,0.0100,638.45,644.11,0.4363,43.4534,60,375
0.0249,0.9751,0.1000,3.9811,0.1000,634.81,591.48,0.4364,4.3455,60,376
0.0347,0.9653,0.1000,3.9811,0.2000,629.8,534.2,0.4361,2.1729,60,377
0.0448,0.9552,0.1000,3.9811,0.3000,623.13,477.99,0.4364,1.4437,29,378
0.0587,0.9413,0.1000,3.9811,0.4000,615.07,424.13,0.4362,1.0864,60,379
0.4253,0.5747,0.3000,1,0.4000,394.83,512.09,1.7371,4.3316,60,38
0.0750,0.9250,0.1000,3.9811,0.5000,605.02,372.41,0.4364,0.8662,24,380
0.0947,0.9053,0.1000,3.9811,0.6000,593.15,324.03,0.4363,0.7218,20,381
0.1176,0.8824,0.1000,3.9811,0.7000,579.28,279.3,0.4364,0.6205,60,382
0.1438,0.8562,0.1000,3.9811,0.8000,563.71,238.97,0.4363,0.5414,19,383
0.1726,0.8274,0.1000,3.9811,0.9000,546.44,203.15,0.4363,0.4812,19,384
0.2003,0.7997,0.1000,3.9811,1,528.01,172.26,0.4360,0.4346,60,385
0.0193,0.9807,0.2000,3.9811,0.0100,638.42,644.11,0.4364,43.4052,37,386
0.0260,0.9740,0.2000,3.9811,0.1000,634.5,591.54,0.4363,4.3506,60,387
0.0351,0.9649,0.2000,3.9811,0.2000,628.92,534.15,0.4364,2.1703,26,388
0.0477,0.9523,0.2000,3.9811,0.3000,621.93,478.59,0.4362,1.4500,60,389
0.4393,0.5607,0.3000,1,0.5000,386.45,481.8,1.7371,3.4651,60,39
0.0616,0.9384,0.2000,3.9811,0.4000,613.27,424.98,0.4358,1.0875,60,390
0.0799,0.9201,0.2000,3.9811,0.5000,602.63,373.73,0.4367,0.8702,60,391
0.0998,0.9002,0.2000,3.9811,0.6000,590.11,325.84,0.4363,0.7234,19,392
0.1236,0.8764,0.2000,3.9811,0.7000,575.83,281.84,0.4363,0.6200,18,393
0.1503,0.8497,0.2000,3.9811,0.8000,559.84,242.06,0.4363,0.5425,19,394
0.1794,0.8206,0.2000,3.9811,0.9000,542.13,206.6,0.4366,0.4834,60,395
0.2061,0.7939,0.2000,3.9811,1,523.82,176.14,0.4363,0.4340,17,396
0.0194,0.9806,0.3000,3.9811,0.0100,638.38,644.11,0.4364,43.4315,40,397
0.0270,0.9730,0.3000,3.9811,0.1000,634.11,591.66,0.4360,4.3521,60,398
0.0369,0.9631,0.3000,3.9811,0.2000,627.87,534.39,0.4364,2.1761,60,399
0.4085,0.5915,0,1,0.3000,404.96,543.53,1.7373,5.7907,60,4
0.4530,0.5470,0.3000,1,0.6000,378.17,453.1,1.7372,2.8818,31,40
0.0504,0.9496,0.3000,3.9811,0.3000,620.29,479.16,0.4360,1.4508,60,400
0.0655,0.9345,0.3000,3.9811,0.4000,610.61,425.66,0.4364,1.0881,60,401
0.0835,0.9165,0.3000,3.9811,0.5000,599.02,374.89,0.4365,0.8704,60,402
0.1063,0.8937,0.3000,3.9811,0.6000,586.23,328.18,0.4363,0.7238,19,403
0.1325,0.8675,0.3000,3.9811,0.7000,571,284.48,0.4376,0.6216,60,404
0.1583,0.8417,0.3000,3.9811,0.8000,555.04,245.9,0.4363,0.5428,17,405
0.1876,0.8124,0.3000,3.9811,0.9000,537.43,211.25,0.4362,0.4824,16,406
0.2159,0.7841,0.3000,3.9811,1,518.66,180.97,0.4367,0.4350,60,407
0.0200,0.9800,0.4000,3.9811,0.0100,638.38,644.12,0.4361,43.5394,60,408
0.0272,0.9728,0.4000,3.9811,0.1000,633.45,591.55,0.4368,4.3539,60,409
0.4665,0.5335,0.3000,1,0.7000,370.06,425.98,1.7370,2.4753,60,41
0.0388,0.9612,0.4000,3.9811,0.2000,626.74,534.59,0.4364,2.1736,27,410
0.0538,0.9462,0.4000,3.9811,0.3000,618.59,479.9,0.4357,1.4513,60,411
0.0698,0.9302,0.4000,3.9811,0.4000,608.12,426.66,0.4363,1.0867,18,412
0.0898,0.9102,0.4000,3.9811,0.5000,596.14,376.83,0.4363,0.8694,18,413
0.1126,0.8874,0.4000,3.9811,0.6000,582.46,330.43,0.4363,0.7244,17,414
0.1380,0.8620,0.4000,3.9811,0.7000,567.19,287.88,0.4363,0.6209,17,415
0.1665,0.8335,0.4000,3.9811,0.8000,550.8,249.87,0.4365,0.5444,60,416
0.1958,0.8042,0.4000,3.9811,0.9000,532.61,215.28,0.4368,0.4841,60,417
0.2230,0.7770,0.4000,3.9811,1,514.45,185.5,0.4360,0.4344,15,418
0.0195,0.9805,0.5000,3.9811,0.0100,638.29,644.11,0.4364,43.4881,36,419
0.4798,0.5202,0.3000,1,0.8000,362.22,400.41,1.7366,2.1658,60,42
0.0284,0.9716,0.5000,3.9811,0.1000,632.97,591.67,0.4364,4.3488,30,420
0.0408,0.9592,0.5000,3.9811,0.2000,625.54,534.83,0.4363,2.1743,20,421
0.0550,0.9450,0.5000,3.9811,0.3000,616.43,480.12,0.4357,1.4518,60,422
0.0741,0.9259,0.5000,3.9811,0.4000,605.45,427.56,0.4367,1.0888,60,423
0.0951,0.9049,0.5000,3.9811,0.5000,592.93,378.43,0.4363,0.8696,17,424
0.1188,0.8812,0.5000,3.9811,0.6000,578.75,332.64,0.4362,0.7245,16,425
0.1448,0.8552,0.5000,3.9811,0.7000,563.12,290.72,0.4362,0.6210,16,426
0.1728,0.8272,0.5000,3.9811,0.8000,546.3,252.87,0.4362,0.5434,16,427
0.2023,0.7977,0.5000,3.9811,0.9000,528.62,219.17,0.4360,0.4828,15,428
0.2303,0.7697,0.5000,3.9811,1,510.28,189.65,0.4360,0.4345,15,429
0.4930,0.5070,0.3000,1,0.9000,354.29,376.21,1.7372,1.9251,60,43
0.0197,0.9803,0.6000,3.9811,0.0100,638.25,644.12,0.4363,43.5610,60,430
0.0294,0.9706,0.6000,3.9811,0.1000,632.35,591.73,0.4364,4.3507,31,431
0.0435,0.9565,0.6000,3.9811,0.2000,624.33,535.29,0.4360,2.1776,60,432
0.0595,0.9405,0.6000,3.9811,0.3000,614.32,480.63,0.4363,1.4501,18,433
0.0785,0.9215,0.6000,3.9811,0.4000,602.73,428.94,0.4361,1.0891,60,434
0.1009,0.8991,0.6000,3.9811,0.5000,589.43,380.24,0.4364,0.8712,58,435
0.1255,0.8745,0.6000,3.9811,0.6000,574.72,335.07,0.4363,0.7250,17,436
0.1522,0.8478,0.6000,3.9811,0.7000,558.57,293.67,0.4365,0.6215,40,437
0.1804,0.8196,0.6000,3.9811,0.8000,541.58,256.57,0.4364,0.5441,60,438
0.2100,0.7900,0.6000,3.9811,0.9000,524.03,223.29,0.4360,0.4830,15,439
0.5045,0.4955,0.3000,1,1,346.58,353.46,1.7368,1.7326,60,44
0.2397,0.7603,0.6000,3.9811,1,506.07,194.44,0.4363,0.4357,60,440
0.0197,0.9803,0.7000,3.9811,0.0100,638.17,644.12,0.4364,43.5710,57,441
0.0312,0.9688,0.7000,3.9811,0.1000,631.61,591.8,0.4368,4.3571,60,442
0.0448,0.9552,0.7000,3.9811,0.2000,622.58,535.25,0.4367,2.1786,60,443
0.0634,0.9366,0.7000,3.9811,0.3000,611.95,481.34,0.4363,1.4506,18,444
0.0841,0.9159,0.7000,3.9811,0.4000,599.53,430.1,0.4363,1.0879,17,445
0.1074,0.8926,0.7000,3.9811,0.5000,585.6,382.25,0.4363,0.8714,60,446
0.1322,0.8678,0.7000,3.9811,0.6000,570.32,337.91,0.4359,0.7264,60,447
0.1601,0.8399,0.7000,3.9811,0.7000,553.95,297.13,0.4360,0.6213,15,448
0.1888,0.8112,0.7000,3.9811,0.8000,536.74,260.51,0.4360,0.5436,15,449
0.3695,0.6305,0.4000,1,0.0100,428.29,646.22,1.7377,173.3577,60,45
0.2185,0.7815,0.7000,3.9811,0.9000,519.36,228.37,0.4362,0.4843,60,450
0.2466,0.7534,0.7000,3.9811,1,500.81,199.12,0.4358,0.4352,60,451
0.0193,0.9807,0.8000,3.9811,0.0100,638.04,644.11,0.4369,43.5829,60,452
0.0318,0.9682,0.8000,3.9811,0.1000,630.82,591.86,0.4366,4.3584,60,453
0.0484,0.9516,0.8000,3.9811,0.2000,620.95,535.76,0.4364,2.1771,28,454
0.0683,0.9317,0.8000,3.9811,0.3000,609.38,482.32,0.4362,1.4515,26,455
0.0905,0.9095,0.8000,3.9811,0.4000,595.94,431.68,0.4366,1.0889,60,456
0.1138,0.8862,0.8000,3.9811,0.5000,580.89,383.92,0.4366,0.8709,60,457
0.1418,0.8582,0.8000,3.9811,0.6000,565.41,340.9,0.4366,0.7265,60,458
0.1693,0.8307,0.8000,3.9811,0.7000,549.2,301.88,0.4358,0.6231,60,459
0.3829,0.6171,0.4000,1,0.1000,420.28,612.98,1.7372,17.3358,60,46
0.1977,0.8023,0.8000,3.9811,0.8000,531.29,265.4,0.4362,0.5451,60,460
0.2279,0.7721,0.8000,3.9811,0.9000,513.27,232.76,0.4362,0.4829,60,461
0.2560,0.7440,0.8000,3.9811,1,495.4,204.74,0.4366,0.4356,60,462
0.0201,0.9799,0.9000,3.9811,0.0100,638.01,644.12,0.4363,43.5637,60,463
0.0333,0.9667,0.9000,3.9811,0.1000,629.86,591.94,0.4367,4.3564,60,464
0.0514,0.9486,0.9000,3.9811,0.2000,618.93,536.08,0.4364,2.1777,20,465
0.0725,0.9275,0.9000,3.9811,0.3000,606.1,482.85,0.4367,1.4523,60,466
0.0960,0.9040,0.9000,3.9811,0.4000,591.89,433.02,0.4363,1.0891,60,467
0.1228,0.8772,0.9000,3.9811,0.5000,576.46,386.65,0.4364,0.8710,60,468
0.1499,0.8501,0.9000,3.9811,0.6000,560.01,343.82,0.4362,0.7259,60,469
0.3977,0.6023,0.4000,1,0.2000,411.36,577.74,1.7368,8.6677,60,47
0.1759,0.8241,0.9000,3.9811,0.7000,542.91,305.24,0.4348,0.6232,60,470
0.2081,0.7919,0.9000,3.9811,0.8000,525.13,269.78,0.4362,0.5442,16,471
0.2375,0.7625,0.9000,3.9811,0.9000,507.44,238.57,0.4358,0.4840,60,472
0.2663,0.7337,0.9000,3.9811,1,489.4,210.5,0.4363,0.4355,17,473
0.0197,0.9803,1,3.9811,0.0100,637.89,644.12,0.4362,43.6351,60,474
0.0353,0.9647,1,3.9811,0.1000,628.8,592.12,0.4364,4.3636,28,475
0.0550,0.9450,1,3.9811,0.2000,616.7,536.6,0.4363,2.1815,60,476
0.0784,0.9216,1,3.9811,0.3000,602.94,484.12,0.4364,1.4545,60,477
0.1038,0.8962,1,3.9811,0.4000,587.82,435.05,0.4360,1.0908,60,478
0.1309,0.8691,1,3.9811,0.5000,571.4,389.29,0.4362,0.8723,17,479
0.4124,0.5876,0.4000,1,0.3000,402.53,544.24,1.7372,5.7690,35,48
0.1595,0.8405,1,3.9811,0.6000,554.28,347.42,0.4362,0.7270,16,480
0.1888,0.8112,1,3.9811,0.7000,536.66,309.36,0.4361,0.6231,17,481
0.2188,0.7812,1,3.9811,0.8000,518.74,275.01,0.4364,0.5454,60,482
0.2486,0.7514,1,3.9811,0.9000,500.86,244.22,0.4362,0.4846,16,483
0.2780,0.7220,1,3.9811,1,483.14,216.86,0.4360,0.4360,16,484
0.0015,0.9985,0,6.3096,0.0100,648.85,644,0.2756,27.5319,60,485
0.0031,0.9969,0,6.3096,0.1000,648.15,590.18,0.2753,2.7532,24,486
0.0051,0.9949,0,6.3096,0.2000,646.91,530.62,0.2753,1.3766,24,487
0.0085,0.9915,0,6.3096,0.3000,644.91,471.53,0.2753,0.9177,24,488
0.0139,0.9861,0,6.3096,0.4000,641.76,413.3,0.2754,0.6883,60,489
0.4269,0.5731,0.4000,1,0.4000,393.86,512.45,1.7372,4.3267,28,49
0.0218,0.9782,0,6.3096,0.5000,636.93,356.54,0.2753,0.5506,26,490
0.0337,0.9663,0,6.3096,0.6000,629.79,302.12,0.2753,0.4588,19,491
0.0507,0.9493,0,6.3096,0.7000,619.6,250.98,0.2754,0.3932,60,492
0.0732,0.9268,0,6.3096,0.8000,606.09,205.12,0.2753,0.3441,17,493
0.1021,0.8979,0,6.3096,0.9000,588.75,165.12,0.2753,0.3059,17,494
0.1356,0.8644,0,6.3096,1,567.26,131.41,0.2751,0.2753,60,495
0.0019,0.9981,0.1000,6.3096,0.0100,648.85,644.01,0.2753,27.3270,34,496
0.0031,0.9969,0.1000,6.3096,0.1000,648.12,590.14,0.2753,2.7327,27,497
0.0061,0.9939,0.1000,6.3096,0.2000,646.81,530.49,0.2757,1.3702,60,498
0.0100,0.9900,0.1000,6.3096,0.3000,644.69,471.6,0.2756,0.9139,60,499
0.4219,0.5781,0,1,0.4000,396.85,511.24,1.7373,4.3425,60,5
0.4409,0.5591,0.4000,1,0.5000,385.42,482.36,1.7362,3.4672,60,50
0.0145,0.9855,0.1000,6.3096,0.4000,641.33,413.35,0.2753,0.6832,24,500
0.0229,0.9771,0.1000,6.3096,0.5000,636.1,356.34,0.2758,0.5483,60,501
0.0356,0.9644,0.1000,6.3096,0.6000,628.77,302.89,0.2752,0.4570,60,502
0.0529,0.9471,0.1000,6.3096,0.7000,618.29,252.09,0.2753,0.3903,18,503
0.0759,0.9241,0.1000,6.3096,0.8000,604.43,206.69,0.2751,0.3427,60,504
0.1049,0.8951,0.1000,6.3096,0.9000,586.14,166.02,0.2756,0.3046,60,505
0.1336,0.8664,0.1000,6.3096,1,565.97,133.98,0.2753,0.2732,17,506
0.0019,0.9981,0.2000,6.3096,0.0100,648.84,644.01,0.2753,27.3869,33,507
0.0033,0.9967,0.2000,6.3096,0.1000,648.02,590.15,0.2753,2.7387,28,508
0.0058,0.9942,0.2000,6.3096,0.2000,646.52,530.61,0.2753,1.3693,26,509
0.4552,0.5448,0.4000,1,0.6000,376.82,453.78,1.7381,2.8892,60,51
0.0099,0.9901,0.2000,6.3096,0.3000,644.08,471.66,0.2753,0.9128,19,510
0.0162,0.9838,0.2000,6.3096,0.4000,640.26,413.76,0.2753,0.6846,18,511
0.0258,0.9742,0.2000,6.3096,0.5000,634.51,357.6,0.2753,0.5477,19,512
0.0396,0.9604,0.2000,6.3096,0.6000,626.26,304.1,0.2753,0.4564,17,513
0.0585,0.9415,0.2000,6.3096,0.7000,615.11,254.77,0.2751,0.3921,60,514
0.0831,0.9169,0.2000,6.3096,0.8000,600.13,209.27,0.2757,0.3431,60,515
0.1127,0.8873,0.2000,6.3096,0.9000,582.41,170.75,0.2752,0.3042,16,516
0.1430,0.8570,0.2000,6.3096,1,561.49,138.45,0.2753,0.2738,17,517
0.0019,0.9981,0.3000,6.3096,0.0100,648.83,644.01,0.2753,27.4035,40,518
0.0035,0.9965,0.3000,6.3096,0.1000,647.87,590.17,0.2753,2.7404,27,519
0.4687,0.5313,0.4000,1,0.7000,368.8,426.92,1.7367,2.4766,60,52
0.0065,0.9935,0.3000,6.3096,0.2000,646.1,530.69,0.2753,1.3702,27,520
0.0113,0.9887,0.3000,6.3096,0.3000,643.23,471.91,0.2753,0.9134,18,521
0.0187,0.9813,0.3000,6.3096,0.4000,638.78,414.35,0.2753,0.6850,18,522
0.0296,0.9704,0.3000,6.3096,0.5000,632.22,358.75,0.2753,0.5480,17,523
0.0447,0.9553,0.3000,6.3096,0.6000,623.22,306.63,0.2749,0.4577,60,524
0.0660,0.9340,0.3000,6.3096,0.7000,610.91,257.58,0.2755,0.3926,60,525
0.0907,0.9093,0.3000,6.3096,0.8000,595.19,213.41,0.2755,0.3437,60,526
0.1223,0.8777,0.3000,6.3096,0.9000,577.28,175.83,0.2754,0.3052,60,527
0.1539,0.8461,0.3000,6.3096,1,556.14,143.93,0.2752,0.2745,60,528
0.0020,0.9980,0.4000,6.3096,0.0100,648.82,644.01,0.2753,27.4293,37,529
0.4822,0.5178,0.4000,1,0.8000,360.66,401.48,1.7371,2.1671,60,53
0.0038,0.9962,0.4000,6.3096,0.1000,647.71,590.18,0.2753,2.7429,31,530
0.0073,0.9927,0.4000,6.3096,0.2000,645.63,530.79,0.2753,1.3714,20,531
0.0129,0.9871,0.4000,6.3096,0.3000,642.28,472.2,0.2753,0.9142,18,532
0.0214,0.9786,0.4000,6.3096,0.4000,637.18,415,0.2753,0.6857,18,533
0.0318,0.9682,0.4000,6.3096,0.5000,629.61,359.3,0.2754,0.5493,60,534
0.0503,0.9497,0.4000,6.3096,0.6000,619.82,307.97,0.2752,0.4570,16,535
0.0719,0.9281,0.4000,6.3096,0.7000,606.89,260.05,0.2751,0.3915,15,536
0.0988,0.9012,0.4000,6.3096,0.8000,591.16,217.7,0.2751,0.3434,60,537
0.1311,0.8689,0.4000,6.3096,0.9000,571.67,179.11,0.2763,0.3053,60,538
0.1629,0.8371,0.4000,6.3096,1,551.63,148.69,0.2751,0.2748,60,539
0.4955,0.5045,0.4000,1,0.9000,352.76,377.5,1.7375,1.9261,60,54
0.0020,0.9980,0.5000,6.3096,0.0100,648.81,644.01,0.2753,27.4391,33,540
0.0033,0.9967,0.5000,6.3096,0.1000,647.48,590.05,0.2758,2.7472,60,541
0.0085,0.9915,0.5000,6.3096,0.2000,645.08,530.86,0.2755,1.3720,60,542
0.0146,0.9854,0.5000,6.3096,0.3000,641.23,472.51,0.2753,0.9145,17,543
0.0243,0.9757,0.5000,6.3096,0.4000,635.46,415.68,0.2752,0.6857,16,544
0.0373,0.9627,0.5000,6.3096,0.5000,627.3,361.17,0.2753,0.5489,60,545
0.0552,0.9448,0.5000,6.3096,0.6000,616.57,310.19,0.2751,0.4578,60,546
0.0804,0.9196,0.5000,6.3096,0.7000,602.88,262.47,0.2762,0.3925,60,547
0.1056,0.8944,0.5000,6.3096,0.8000,586.68,220.54,0.2751,0.3427,15,548
0.1368,0.8632,0.5000,6.3096,0.9000,567.92,183.77,0.2751,0.3047,15,549
0.5064,0.4936,0.4000,1,1,345.06,354.95,1.7371,1.7306,20,55
0.1699,0.8301,0.5000,6.3096,1,547.44,152.81,0.2753,0.2748,60,550
0.0014,0.9986,0.6000,6.3096,0.0100,648.78,644,0.2756,27.4564,60,551
0.0045,0.9955,0.6000,6.3096,0.1000,647.29,590.23,0.2753,2.7451,28,552
0.0092,0.9908,0.6000,6.3096,0.2000,644.46,531.03,0.2753,1.3724,18,553
0.0168,0.9832,0.6000,6.3096,0.3000,639.98,472.89,0.2754,0.9151,60,554
0.0282,0.9718,0.6000,6.3096,0.4000,633.54,416.82,0.2751,0.6860,60,555
0.0420,0.9580,0.6000,6.3096,0.5000,624.38,362.51,0.2753,0.5488,60,556
0.0618,0.9382,0.6000,6.3096,0.6000,612.95,312.09,0.2751,0.4572,15,557
0.0855,0.9145,0.6000,6.3096,0.7000,598.71,265.78,0.2751,0.3919,15,558
0.1134,0.8866,0.6000,6.3096,0.8000,581.97,224.31,0.2751,0.3429,15,559
0.3694,0.6306,0.5000,1,0.0100,428.26,646.22,1.7374,173.3964,60,56
0.1449,0.8551,0.6000,6.3096,0.9000,563.1,188.12,0.2751,0.3048,15,560
0.1772,0.8228,0.6000,6.3096,1,542.11,157.07,0.2758,0.2749,60,561
0.0018,0.9982,0.7000,6.3096,0.0100,648.78,644.01,0.2751,27.4667,60,562
0.0050,0.9950,0.7000,6.3096,0.1000,647.01,590.26,0.2753,2.7462,34,563
0.0105,0.9895,0.7000,6.3096,0.2000,643.68,531.23,0.2753,1.3733,44,564
0.0187,0.9813,0.7000,6.3096,0.3000,638.44,473.17,0.2755,0.9155,60,565
0.0316,0.9684,0.7000,6.3096,0.4000,631.07,417.46,0.2753,0.6864,17,566
0.0480,0.9520,0.7000,6.3096,0.5000,621.19,364.26,0.2751,0.5488,15,567
0.0688,0.9312,0.7000,6.3096,0.6000,608.7,314.65,0.2752,0.4575,16,568
0.0937,0.9063,0.7000,6.3096,0.7000,593.78,269.22,0.2751,0.3920,15,569
0.3833,0.6167,0.5000,1,0.1000,420.06,613.01,1.7368,17.3396,60,57
0.1224,0.8776,0.7000,6.3096,0.8000,576.54,228.65,0.2753,0.3433,32,570
0.1535,0.8465,0.7000,6.3096,0.9000,556.79,192.41,0.2753,0.3051,60,571
0.1860,0.8140,0.7000,6.3096,1,537.15,162.88,0.2758,0.2748,60,572
0.0021,0.9979,0.8000,6.3096,0.0100,648.75,644.01,0.2753,27.4738,39,573
0.0062,0.9938,0.8000,6.3096,0.1000,646.7,590.4,0.2751,2.7478,60,574
0.0121,0.9879,0.8000,6.3096,0.2000,642.72,531.39,0.2753,1.3734,17,575
0.0222,0.9778,0.8000,6.3096,0.3000,636.67,473.9,0.2752,0.9154,16,576
0.0348,0.9652,0.8000,6.3096,0.4000,628.01,418.43,0.2753,0.6872,60,577
0.0526,0.9474,0.8000,6.3096,0.5000,616.45,364.87,0.2761,0.5495,60,578
0.0770,0.9230,0.8000,6.3096,0.6000,603.84,317.57,0.2751,0.4575,15,579
0.3985,0.6015,0.5000,1,0.2000,410.93,577.85,1.7365,8.6698,60,58
0.1031,0.8969,0.8000,6.3096,0.7000,588.13,273.18,0.2751,0.3922,15,580
0.1326,0.8674,0.8000,6.3096,0.8000,570.45,233.53,0.2752,0.3433,16,581
0.1635,0.8365,0.8000,6.3096,0.9000,551.97,199.57,0.2748,0.3053,60,582
0.1968,0.8032,0.8000,6.3096,1,531.14,169,0.2753,0.2747,60,583
0.0028,0.9972,0.9000,6.3096,0.0100,648.72,644.01,0.2757,27.4906,60,584
0.0063,0.9937,0.9000,6.3096,0.1000,646.23,590.36,0.2753,2.7493,60,585
0.0155,0.9845,0.9000,6.3096,0.2000,641.6,531.92,0.2751,1.3745,60,586
0.0263,0.9737,0.9000,6.3096,0.3000,634.4,474.24,0.2760,0.9161,60,587
0.0414,0.9586,0.9000,6.3096,0.4000,624.74,419.86,0.2750,0.6871,60,588
0.0626,0.9374,0.9000,6.3096,0.5000,612.85,368.93,0.2753,0.5500,60,589
0.4136,0.5864,0.5000,1,0.3000,401.82,544.44,1.7371,5.7798,60,59
0.0863,0.9137,0.9000,6.3096,0.6000,598.24,320.9,0.2751,0.4577,15,590
0.1137,0.8863,0.9000,6.3096,0.7000,581.92,278.08,0.2749,0.3923,60,591
0.1432,0.8568,0.9000,6.3096,0.8000,563.57,239.33,0.2748,0.3436,60,592
0.1753,0.8247,0.9000,6.3096,0.9000,544.68,206.42,0.2753,0.3059,60,593
0.2090,0.7910,0.9000,6.3096,1,524.33,175.92,0.2749,0.2750,60,594
9.6593e-04,0.9990,1,6.3096,0.0100,648.69,644.02,0.2746,27.5326,60,595
0.0072,0.9928,1,6.3096,0.1000,645.67,590.43,0.2753,2.7531,20,596
0.0166,0.9834,1,6.3096,0.2000,640.02,532,0.2753,1.3766,26,597
0.0316,0.9684,1,6.3096,0.3000,631.72,475.43,0.2757,0.9178,60,598
0.0486,0.9514,1,6.3096,0.4000,620.82,421.66,0.2752,0.6880,16,599
0.4352,0.5648,0,1,0.5000,388.88,480.59,1.7367,3.4744,60,6
0.4282,0.5718,0.5000,1,0.4000,393.02,512.81,1.7368,4.3346,60,60
0.0709,0.9291,1,6.3096,0.5000,607.44,371.27,0.2752,0.5504,16,600
0.0968,0.9032,1,6.3096,0.6000,591.91,324.84,0.2752,0.4587,16,601
0.1257,0.8743,1,6.3096,0.7000,574.61,282.77,0.2753,0.3933,60,602
0.1566,0.8434,1,6.3096,0.8000,556.04,245.16,0.2752,0.3440,16,603
0.1896,0.8104,1,6.3096,0.9000,536.24,211.7,0.2754,0.3057,60,604
0.2223,0.7777,1,6.3096,1,516.63,183.36,0.2751,0.2751,15,605
4.1614e-05,1.0000,0,10,0.0100,649.97,644,0.1737,17.3717,35,606
1.0588e-04,0.9999,0,10,0.1000,649.93,590.01,0.1737,1.7372,25,607
-1.7276e-05,1.0000,0,10,0.2000,649.84,530.02,0.1737,0.8688,60,608
8.3595e-04,0.9992,0,10,0.3000,649.61,469.58,0.1743,0.5790,60,609
0.4428,0.5572,0.5000,1,0.5000,384.32,482.83,1.7374,3.4676,60,61
0.0023,0.9977,0,10,0.4000,649.1,409.57,0.1737,0.4332,60,610
0.0034,0.9966,0,10,0.5000,647.97,351.01,0.1737,0.3474,19,611
0.0074,0.9926,0,10,0.6000,645.56,292.66,0.1737,0.2895,17,612
0.0164,0.9836,0,10,0.7000,640.81,237.61,0.1735,0.2484,60,613
0.0303,0.9697,0,10,0.8000,631.8,184.55,0.1736,0.2171,16,614
0.0550,0.9450,0,10,0.9000,617.02,139.68,0.1736,0.1929,16,615
0.0898,0.9102,0,10,1,596.18,104.93,0.1738,0.1740,60,616
-3.7242e-05,1.0000,0.1000,10,0.0100,649.97,643.99,0.1739,17.2423,60,617
1.1660e-04,0.9999,0.1000,10,0.1000,649.93,589.94,0.1737,1.7242,27,618
2.9164e-04,0.9997,0.1000,10,0.2000,649.83,529.92,0.1737,0.8621,25,619
0.4569,0.5431,0.5000,1,0.6000,375.83,454.49,1.7372,2.8855,31,62
7.9250e-04,0.9992,0.1000,10,0.3000,649.58,470.06,0.1737,0.5747,60,620
0.0021,0.9979,0.1000,10,0.4000,649,410.26,0.1738,0.4309,60,621
0.0038,0.9962,0.1000,10,0.5000,647.72,350.95,0.1737,0.3448,18,622
0.0105,0.9895,0.1000,10,0.6000,645.19,294.19,0.1735,0.2885,60,623
0.0171,0.9829,0.1000,10,0.7000,639.77,237,0.1737,0.2463,17,624
0.0318,0.9682,0.1000,10,0.8000,630.24,185.79,0.1736,0.2164,60,625
0.0587,0.9413,0.1000,10,0.9000,615.24,141.36,0.1738,0.1922,60,626
0.0912,0.9088,0.1000,10,1,593.84,106.91,0.1739,0.1728,60,627
4.8356e-05,1.0000,0.2000,10,0.0100,649.97,643.99,0.1737,17.2801,35,628
-1.9955e-05,1.0000,0.2000,10,0.1000,649.92,589.96,0.1736,1.7280,60,629
0.4705,0.5295,0.5000,1,0.7000,367.58,427.76,1.7362,2.4769,60,63
5.3936e-04,0.9995,0.2000,10,0.2000,649.79,529.95,0.1737,0.8640,60,630
3.8161e-04,0.9996,0.2000,10,0.3000,649.46,469.85,0.1738,0.5760,60,631
0.0045,0.9955,0.2000,10,0.4000,648.73,410.89,0.1737,0.4320,50,632
0.0049,0.9951,0.2000,10,0.5000,647.09,351.25,0.1737,0.3455,16,633
0.0104,0.9896,0.2000,10,0.6000,643.77,293.53,0.1737,0.2879,16,634
0.0208,0.9792,0.2000,10,0.7000,637.57,238.52,0.1736,0.2467,15,635
0.0416,0.9584,0.2000,10,0.8000,627.76,190.63,0.1734,0.2165,60,636
0.0653,0.9347,0.2000,10,0.9000,610.85,145.13,0.1736,0.1919,15,637
0.0971,0.9029,0.2000,10,1,588.93,111,0.1736,0.1727,15,638
4.7470e-05,1.0000,0.3000,10,0.0100,649.97,643.99,0.1737,17.2905,37,639
0.4843,0.5157,0.5000,1,0.8000,359.41,402.49,1.7369,2.1674,60,64
-2.3709e-04,1.0002,0.3000,10,0.1000,649.91,590.12,0.1732,1.7291,60,640
4.4834e-04,0.9996,0.3000,10,0.2000,649.73,529.95,0.1737,0.8645,19,641
0.0012,0.9988,0.3000,10,0.3000,649.3,470.06,0.1737,0.5763,18,642
0.0029,0.9971,0.3000,10,0.4000,648.3,410.5,0.1737,0.4321,16,643
0.0064,0.9936,0.3000,10,0.5000,646.17,351.71,0.1736,0.3455,15,644
0.0104,0.9896,0.3000,10,0.6000,641.76,293.06,0.1740,0.2887,60,645
0.0257,0.9743,0.3000,10,0.7000,634.63,240.58,0.1736,0.2468,15,646
0.0443,0.9557,0.3000,10,0.8000,623.35,193.44,0.1730,0.2166,60,647
0.0738,0.9262,0.3000,10,0.9000,605.72,149.76,0.1736,0.1920,15,648
0.1066,0.8934,0.3000,10,1,583.58,116.36,0.1736,0.1728,15,649
0.4975,0.5025,0.5000,1,0.9000,351.5,378.71,1.7367,1.9265,60,65
4.7980e-05,1.0000,0.4000,10,0.0100,649.97,644,0.1737,17.3068,33,650
1.8050e-04,0.9998,0.4000,10,0.1000,649.89,589.96,0.1737,1.7307,33,651
-5.8340e-04,1.0006,0.4000,10,0.2000,649.66,529.91,0.1736,0.8653,60,652
0.0035,0.9965,0.4000,10,0.3000,649.1,470.58,0.1736,0.5769,60,653
0.0024,0.9976,0.4000,10,0.4000,647.72,409.67,0.1743,0.4327,60,654
0.0083,0.9917,0.4000,10,0.5000,645.06,351.96,0.1739,0.3461,60,655
0.0164,0.9836,0.4000,10,0.6000,640.16,295.71,0.1736,0.2882,15,656
0.0303,0.9697,0.4000,10,0.7000,631.86,241.93,0.1740,0.2472,60,657
0.0517,0.9483,0.4000,10,0.8000,619.02,194.65,0.1736,0.2162,15,658
0.0811,0.9189,0.4000,10,0.9000,601.39,153.65,0.1736,0.1922,15,659
0.5088,0.4912,0.5000,1,1,343.72,356.28,1.7371,1.7312,19,66
0.1163,0.8837,0.4000,10,1,579.21,120.77,0.1738,0.1734,60,660
-0.0025,1.0025,0.5000,10,0.0100,649.97,643.97,0.1741,17.3130,60,661
2.1606e-04,0.9998,0.5000,10,0.1000,649.87,589.96,0.1737,1.7313,26,662
7.2266e-04,0.9993,0.5000,10,0.2000,649.57,529.99,0.1737,0.8656,20,663
0.0020,0.9980,0.5000,10,0.3000,648.81,470.22,0.1737,0.5771,23,664
0.0052,0.9948,0.5000,10,0.4000,647.17,410.94,0.1738,0.4328,60,665
0.0081,0.9919,0.5000,10,0.5000,643.67,351.58,0.1741,0.3463,60,666
0.0198,0.9802,0.5000,10,0.6000,638.15,296.92,0.1737,0.2884,16,667
0.0350,0.9650,0.5000,10,0.7000,628.79,243.93,0.1737,0.2472,60,668
0.0577,0.9423,0.5000,10,0.8000,615.41,197.53,0.1737,0.2163,16,669
0.3695,0.6305,0.6000,1,0.0100,428.31,646.22,1.7372,173.2056,39,67
0.0846,0.9154,0.5000,10,0.9000,597.91,158.37,0.1727,0.1923,60,670
0.1214,0.8786,0.5000,10,1,575.4,124.52,0.1736,0.1730,15,671
-0.0012,1.0012,0.6000,10,0.0100,649.97,643.97,0.1742,17.3204,60,672
0.0028,0.9972,0.6000,10,0.1000,649.85,590.01,0.1741,1.7320,60,673
9.3343e-04,0.9991,0.6000,10,0.2000,649.45,530.03,0.1737,0.8658,17,674
0.0050,0.9950,0.6000,10,0.3000,648.49,471.12,0.1734,0.5773,60,675
0.0061,0.9939,0.6000,10,0.4000,646.36,411.3,0.1736,0.4327,15,676
0.0127,0.9873,0.6000,10,0.5000,642.41,353.62,0.1736,0.3461,15,677
0.0238,0.9762,0.6000,10,0.6000,635.76,298.37,0.1736,0.2885,15,678
0.0407,0.9593,0.6000,10,0.7000,625.57,246.94,0.1736,0.2473,15,679
0.3839,0.6161,0.6000,1,0.1000,419.7,613.03,1.7375,17.3422,60,68
0.0645,0.9355,0.6000,10,0.8000,611.33,200.79,0.1736,0.2163,15,680
0.0931,0.9069,0.6000,10,0.9000,593.1,161.53,0.1733,0.1924,60,681
0.1290,0.8710,0.6000,10,1,571.06,128.86,0.1736,0.1731,15,682
5.1017e-05,0.9999,0.7000,10,0.0100,649.97,644,0.1737,17.3274,36,683
3.2210e-04,0.9997,0.7000,10,0.1000,649.81,589.98,0.1737,1.7328,60,684
0.0012,0.9988,0.7000,10,0.2000,649.27,530.07,0.1737,0.8664,40,685
0.0016,0.9984,0.7000,10,0.3000,647.92,469.98,0.1739,0.5776,60,686
0.0079,0.9921,0.7000,10,0.4000,645.28,411.74,0.1736,0.4329,15,687
0.0159,0.9841,0.7000,10,0.5000,640.44,354.63,0.1737,0.3466,60,688
0.0288,0.9712,0.7000,10,0.6000,632.73,300.19,0.1736,0.2886,15,689
0.3994,0.6006,0.6000,1,0.2000,410.34,577.94,1.7367,8.6710,60,69
0.0476,0.9524,0.7000,10,0.7000,621.47,249.81,0.1736,0.2474,15,690
0.0727,0.9273,0.7000,10,0.8000,606.39,204.75,0.1736,0.2164,15,691
0.1044,0.8956,0.7000,10,0.9000,586.97,165.15,0.1737,0.1925,60,692
0.1381,0.8619,0.7000,10,1,565.81,134.1,0.1736,0.1732,15,693
5.0639e-05,0.9999,0.8000,10,0.0100,649.96,644,0.1737,17.3349,32,694
5.8377e-04,0.9994,0.8000,10,0.1000,649.75,589.88,0.1741,1.7335,60,695
0.0016,0.9984,0.8000,10,0.2000,649.03,530.13,0.1737,0.8667,19,696
0.0046,0.9954,0.8000,10,0.3000,647.28,470.7,0.1736,0.5774,15,697
0.0103,0.9897,0.8000,10,0.4000,643.8,412.36,0.1737,0.4334,60,698
0.0199,0.9801,0.8000,10,0.5000,637.89,355.91,0.1737,0.3467,60,699
0.4485,0.5515,0,1,0.6000,380.84,451.44,1.7373,2.8950,60,7
0.4148,0.5852,0.6000,1,0.3000,401.12,544.66,1.7372,5.7735,33,70
0.0352,0.9648,0.8000,10,0.6000,628.91,302.5,0.1736,0.2887,15,700
0.0560,0.9440,0.8000,10,0.7000,616.43,253.35,0.1736,0.2475,15,701
0.0827,0.9173,0.8000,10,0.8000,600.4,209.55,0.1737,0.2167,60,702
0.1141,0.8859,0.8000,10,0.9000,583.03,175.19,0.1738,0.1936,60,703
0.1507,0.8493,0.8000,10,1,560.6,141.41,0.1735,0.1736,60,704
5.4737e-05,0.9999,0.9000,10,0.0100,649.96,644,0.1737,17.3408,60,705
0.0021,0.9979,0.9000,10,0.1000,649.69,590.23,0.1733,1.7344,60,706
0.0022,0.9978,0.9000,10,0.2000,648.67,530.23,0.1737,0.8674,60,707
0.0062,0.9938,0.9000,10,0.3000,646.3,470.99,0.1737,0.5778,16,708
0.0137,0.9863,0.9000,10,0.4000,641.83,413.11,0.1736,0.4332,15,709
0.4298,0.5702,0.6000,1,0.4000,392.1,513.15,1.7372,4.3301,28,71
0.0257,0.9743,0.9000,10,0.5000,634.56,357.56,0.1737,0.3469,60,710
0.0432,0.9568,0.9000,10,0.6000,624.1,305.37,0.1737,0.2891,60,711
0.0662,0.9338,0.9000,10,0.7000,610.33,257.59,0.1736,0.2475,15,712
0.0943,0.9057,0.9000,10,0.8000,593.98,215.48,0.1733,0.2168,60,713
0.1303,0.8697,0.9000,10,0.9000,573.51,178.09,0.1742,0.1923,60,714
0.1616,0.8384,0.9000,10,1,552.12,147.75,0.1736,0.1733,15,715
2.2310e-05,1.0000,1,10,0.0100,649.96,644,0.1737,17.3717,31,716
5.4170e-04,0.9995,1,10,0.1000,649.55,589.98,0.1739,1.7376,60,717
0.0031,0.9969,1,10,0.2000,648.11,530.38,0.1737,0.8686,60,718
0.0097,0.9903,1,10,0.3000,644.89,471.67,0.1737,0.5790,60,719
0.4445,0.5555,0.6000,1,0.5000,383.29,483.34,1.7372,3.4641,28,72
0.0181,0.9819,1,10,0.4000,639.03,414,0.1739,0.4342,60,720
0.0338,0.9662,1,10,0.5000,630.43,360.39,0.1736,0.3477,60,721
0.0530,0.9470,1,10,0.6000,618.22,309.06,0.1737,0.2894,16,722
0.0782,0.9218,1,10,0.7000,603.09,262.82,0.1736,0.2480,15,723
0.1080,0.8920,1,10,0.8000,585.21,221.82,0.1736,0.2170,15,724
0.1426,0.8574,1,10,0.9000,565.1,185.76,0.1738,0.1932,60,725
0.1773,0.8227,1,10,1,543.63,156.38,0.1737,0.1737,60,726
-1.7199e-05,1.0000,0,15.8490,0.0100,650,644,0.1096,10.9608,29,727
-1.3230e-05,1.0000,0,15.8490,0.1000,650,590,0.1096,1.0961,27,728
-8.5270e-06,1.0000,0,15.8490,0.2000,650,530,0.1096,0.5480,26,729
0.4589,0.5411,0.6000,1,0.6000,374.69,455.17,1.7371,2.8866,20,73
0.0036,0.9964,0,15.8490,0.3000,649.99,470.95,0.1094,0.3654,60,730
-6.2063e-05,1.0001,0,15.8490,0.4000,649.97,409.61,0.1096,0.2735,60,731
1.5951e-04,0.9998,0,15.8490,0.5000,649.89,350.04,0.1096,0.2191,16,732
7.0495e-04,0.9993,0,15.8490,0.6000,649.58,290.25,0.1096,0.1827,36,733
0.0057,0.9943,0,15.8490,0.7000,648.59,234.51,0.1093,0.1571,60,734
0.0087,0.9913,0,15.8490,0.8000,644.82,172.94,0.1099,0.1371,60,735
0.0251,0.9749,0,15.8490,0.9000,634.96,123.53,0.1094,0.1216,14,736
0.0592,0.9408,0,15.8490,1,614.44,85.56,0.1094,0.1094,14,737
-3.5858e-06,1.0000,0.1000,15.8490,0.0100,650,643.99,0.1096,10.8791,33,738
0.0019,0.9981,0.1000,15.8490,0.1000,650,590.17,0.1093,1.0878,60,739
0.4728,0.5272,0.6000,1,0.7000,366.23,428.59,1.7373,2.4776,60,74
7.5327e-06,1.0000,0.1000,15.8490,0.2000,650,529.85,0.1096,0.5439,19,740
0.0015,0.9985,0.1000,15.8490,0.3000,649.99,470.4,0.1094,0.3626,60,741
6.9815e-05,0.9999,0.1000,15.8490,0.4000,649.97,409.78,0.1096,0.2719,17,742
-4.0574e-05,1.0000,0.1000,15.8490,0.5000,649.86,349.89,0.1096,0.2178,60,743
9.1798e-04,0.9991,0.1000,15.8490,0.6000,649.46,290.07,0.1096,0.1812,16,744
0.0044,0.9956,0.1000,15.8490,0.7000,648.03,228.8,0.1103,0.1558,60,745
0.0102,0.9898,0.1000,15.8490,0.8000,643.91,174.69,0.1095,0.1359,15,746
0.0279,0.9721,0.1000,15.8490,0.9000,633.31,124.9,0.1095,0.1208,15,747
0.0575,0.9425,0.1000,15.8490,1,613.23,88.29,0.1094,0.1089,60,748
-4.4717e-06,1.0000,0.2000,15.8490,0.0100,650,643.99,0.1096,10.9029,31,749
0.4865,0.5135,0.6000,1,0.8000,358.16,403.55,1.7369,2.1682,60,75
8.7740e-07,1.0000,0.2000,15.8490,0.1000,650,589.93,0.1096,1.0903,26,750
1.0840e-05,1.0000,0.2000,15.8490,0.2000,650,529.87,0.1096,0.5451,18,751
-0.0011,1.0011,0.2000,15.8490,0.3000,649.99,469.85,0.1095,0.3634,60,752
1.0908e-04,0.9999,0.2000,15.8490,0.4000,649.94,409.79,0.1096,0.2725,16,753
4.0437e-04,0.9996,0.2000,15.8490,0.5000,649.78,349.84,0.1095,0.2179,15,754
0.0015,0.9985,0.2000,15.8490,0.6000,649.16,289.83,0.1097,0.1817,60,755
0.0025,0.9975,0.2000,15.8490,0.7000,646.9,229.74,0.1099,0.1558,60,756
0.0137,0.9863,0.2000,15.8490,0.8000,641.82,176.34,0.1095,0.1361,14,757
0.0337,0.9663,0.2000,15.8490,0.9000,629.26,127.23,0.1098,0.1213,60,758
0.0661,0.9339,0.2000,15.8490,1,609.56,93.027,0.1089,0.1092,60,759
0.4999,0.5001,0.6000,1,0.9000,350.09,379.91,1.7373,1.9269,60,76
-0.0015,1.0015,0.3000,15.8490,0.0100,650,643.97,0.1098,10.9095,60,760
5.3543e-06,1.0000,0.3000,15.8490,0.1000,650,589.95,0.1096,1.0909,19,761
1.6623e-05,1.0000,0.3000,15.8490,0.2000,650,529.89,0.1096,0.5455,19,762
5.0919e-05,0.9999,0.3000,15.8490,0.3000,649.98,469.84,0.1096,0.3636,17,763
1.8360e-04,0.9998,0.3000,15.8490,0.4000,649.9,409.82,0.1096,0.2726,16,764
6.7225e-04,0.9993,0.3000,15.8490,0.5000,649.62,349.94,0.1095,0.2180,15,765
0.0022,0.9978,0.3000,15.8490,0.6000,648.66,290.56,0.1096,0.1818,24,766
0.0070,0.9930,0.3000,15.8490,0.7000,645.85,232.67,0.1095,0.1557,15,767
0.0185,0.9815,0.3000,15.8490,0.8000,638.97,178.63,0.1095,0.1362,14,768
0.0414,0.9586,0.3000,15.8490,0.9000,625.21,132.18,0.1095,0.1210,14,769
0.5114,0.4886,0.6000,1,1,342.33,357.68,1.7370,1.7321,33,77
0.0759,0.9241,0.3000,15.8490,1,605.05,99.362,0.1092,0.1094,60,770
-1.1365e-05,1.0000,0.4000,15.8490,0.0100,650,644,0.1096,10.9198,30,771
5.3405e-06,1.0000,0.4000,15.8490,0.1000,650,589.95,0.1096,1.0920,32,772
1.9814e-05,1.0000,0.4000,15.8490,0.2000,649.99,529.9,0.1096,0.5460,28,773
8.2412e-05,0.9999,0.4000,15.8490,0.3000,649.96,469.86,0.1096,0.3639,16,774
2.9835e-04,0.9997,0.4000,15.8490,0.4000,649.84,409.86,0.1095,0.2728,15,775
0.0010,0.9990,0.4000,15.8490,0.5000,649.41,350.07,0.1096,0.2183,16,776
0.0033,0.9967,0.4000,15.8490,0.6000,648.05,290.94,0.1096,0.1819,16,777
0.0095,0.9905,0.4000,15.8490,0.7000,644.54,234.97,0.1093,0.1560,60,778
0.0236,0.9764,0.4000,15.8490,0.8000,636.21,180.13,0.1098,0.1365,60,779
0.3695,0.6305,0.7000,1,0.0100,428.28,646.22,1.7372,173.2754,40,78
0.0485,0.9515,0.4000,15.8490,0.9000,621.22,134.66,0.1097,0.1212,60,780
0.0811,0.9189,0.4000,15.8490,1,599.29,100.64,0.1095,0.1090,14,781
-1.3412e-05,1.0000,0.5000,15.8490,0.0100,650,644,0.1096,10.9237,34,782
9.9399e-07,1.0000,0.5000,15.8490,0.1000,650,589.95,0.1096,1.0924,32,783
3.3649e-05,1.0000,0.5000,15.8490,0.2000,649.99,529.9,0.1096,0.5461,17,784
1.0320e-04,0.9999,0.5000,15.8490,0.3000,649.94,469.87,0.1096,0.3641,25,785
4.3239e-04,0.9996,0.5000,15.8490,0.4000,649.75,409.9,0.1096,0.2730,16,786
0.0015,0.9985,0.5000,15.8490,0.5000,649.12,350.22,0.1096,0.2185,47,787
0.0045,0.9955,0.5000,15.8490,0.6000,647.31,291.38,0.1096,0.1820,16,788
0.0118,0.9882,0.5000,15.8490,0.7000,642.92,234.74,0.1096,0.1560,16,789
0.3843,0.6157,0.7000,1,0.1000,419.37,613.05,1.7373,17.3462,60,79
0.0282,0.9718,0.5000,15.8490,0.8000,634.04,182.99,0.1097,0.1365,60,790
0.0518,0.9482,0.5000,15.8490,0.9000,618.92,138.88,0.1097,0.1216,60,791
0.0866,0.9134,0.5000,15.8490,1,596.18,103.73,0.1095,0.1092,15,792
-0.0014,1.0014,0.6000,15.8490,0.0100,650,644.02,0.1090,10.9283,60,793
8.7836e-06,1.0000,0.6000,15.8490,0.1000,650,589.96,0.1096,1.0928,28,794
3.7584e-05,1.0000,0.6000,15.8490,0.2000,649.98,529.92,0.1096,0.5464,60,795
-0.0028,1.0028,0.6000,15.8490,0.3000,649.9,469.54,0.1095,0.3643,60,796
6.7321e-04,0.9993,0.6000,15.8490,0.4000,649.61,409.98,0.1095,0.2730,15,797
0.0025,0.9975,0.6000,15.8490,0.5000,648.72,351.27,0.1094,0.2186,60,798
0.0074,0.9926,0.6000,15.8490,0.6000,646.38,293.18,0.1094,0.1818,60,799
0.4616,0.5384,0,1,0.7000,373.02,423.89,1.7372,2.4817,27,8
0.4005,0.5995,0.7000,1,0.2000,409.74,578.04,1.7375,8.6730,60,80
0.0150,0.9850,0.6000,15.8490,0.7000,640.99,236.12,0.1096,0.1561,20,800
0.0302,0.9698,0.6000,15.8490,0.8000,630.83,184.16,0.1094,0.1365,60,801
0.0584,0.9416,0.6000,15.8490,0.9000,614.96,141.41,0.1095,0.1213,15,802
0.0931,0.9069,0.6000,15.8490,1,592.56,107.36,0.1096,0.1093,60,803
-1.6813e-05,1.0000,0.7000,15.8490,0.0100,650,644,0.1096,10.9328,34,804
1.0756e-05,1.0000,0.7000,15.8490,0.1000,650,589.96,0.1096,1.0932,19,805
0.0012,0.9988,0.7000,15.8490,0.2000,649.97,530.22,0.1095,0.5466,60,806
-0.0026,1.0026,0.7000,15.8490,0.3000,649.85,469.98,0.1093,0.3644,60,807
0.0011,0.9989,0.7000,15.8490,0.4000,649.38,410.09,0.1095,0.2731,15,808
0.0033,0.9967,0.7000,15.8490,0.5000,648.04,350.79,0.1095,0.2185,15,809
0.4162,0.5838,0.7000,1,0.3000,400.29,544.89,1.7376,5.7818,60,81
0.0086,0.9914,0.7000,15.8490,0.6000,644.82,292.92,0.1096,0.1822,60,810
0.0194,0.9806,0.7000,15.8490,0.7000,638.37,237.95,0.1095,0.1561,15,811
0.0332,0.9668,0.7000,15.8490,0.8000,627.74,189.91,0.1090,0.1368,60,812
0.0664,0.9336,0.7000,15.8490,0.9000,610.3,145.59,0.1098,0.1215,60,813
0.1003,0.8997,0.7000,15.8490,1,588.21,111.83,0.1095,0.1093,60,814
-0.0016,1.0016,0.8000,15.8490,0.0100,650,643.98,0.1098,10.9375,60,815
-9.3076e-04,1.0009,0.8000,15.8490,0.1000,650,589.62,0.1101,1.0938,60,816
1.0480e-04,0.9999,0.8000,15.8490,0.2000,649.95,529.94,0.1096,0.5467,16,817
4.5928e-04,0.9995,0.8000,15.8490,0.3000,649.73,469.98,0.1096,0.3646,19,818
0.0017,0.9983,0.8000,15.8490,0.4000,648.98,410.28,0.1096,0.2734,60,819
0.4314,0.5686,0.7000,1,0.4000,391.18,513.55,1.7370,4.3364,60,82
0.0050,0.9950,0.8000,15.8490,0.5000,646.98,351.35,0.1096,0.2188,60,820
0.0077,0.9923,0.8000,15.8490,0.6000,642.2,291.48,0.1100,0.1824,60,821
0.0255,0.9745,0.8000,15.8490,0.7000,634.73,240.53,0.1096,0.1563,33,822
0.0472,0.9528,0.8000,15.8490,0.8000,621.21,190.28,0.1097,0.1367,60,823
0.0761,0.9239,0.8000,15.8490,0.9000,604.34,150.97,0.1096,0.1215,60,824
0.1124,0.8876,0.8000,15.8490,1,581.91,118.06,0.1096,0.1094,60,825
-2.4869e-05,1.0000,0.9000,15.8490,0.0100,650,644,0.1096,10.9408,60,826
1.8332e-05,1.0000,0.9000,15.8490,0.1000,649.99,589.96,0.1096,1.0941,60,827
1.5466e-04,0.9998,0.9000,15.8490,0.2000,649.91,529.94,0.1096,0.5470,24,828
7.9683e-04,0.9992,0.9000,15.8490,0.3000,649.53,470.02,0.1096,0.3648,60,829
0.4465,0.5535,0.7000,1,0.5000,382.15,483.9,1.7375,3.4693,60,83
5.9415e-04,0.9994,0.9000,15.8490,0.4000,648.24,409.08,0.1100,0.2735,60,830
0.0078,0.9922,0.9000,15.8490,0.5000,645.33,352.15,0.1096,0.2189,59,831
0.0175,0.9825,0.9000,15.8490,0.6000,639.52,296.07,0.1095,0.1822,15,832
0.0337,0.9663,0.9000,15.8490,0.7000,629.8,243.94,0.1096,0.1563,60,833
0.0580,0.9420,0.9000,15.8490,0.8000,615.8,197.85,0.1096,0.1369,60,834
0.0897,0.9103,0.9000,15.8490,0.9000,598.41,159.4,0.1091,0.1215,60,835
0.1231,0.8769,0.9000,15.8490,1,573.14,124.69,0.1096,0.1093,60,836
0.0038,0.9962,1,15.8490,0.0100,650,644.01,0.1098,10.9608,60,837
9.0784e-05,0.9999,1,15.8490,0.1000,649.98,590.15,0.1093,1.0956,60,838
3.0790e-04,0.9997,1,15.8490,0.2000,649.82,530.04,0.1096,0.5480,60,839
0.4610,0.5390,0.7000,1,0.6000,373.45,455.93,1.7372,2.8911,60,84
0.0015,0.9985,1,15.8490,0.3000,649.1,470.18,0.1097,0.3654,60,840
0.0049,0.9951,1,15.8490,0.4000,647.07,411.16,0.1095,0.2738,15,841
0.0122,0.9878,1,15.8490,0.5000,642.68,353.66,0.1096,0.2192,60,842
0.0257,0.9743,1,15.8490,0.6000,635.29,300.8,0.1096,0.1828,60,843
0.0445,0.9555,1,15.8490,0.7000,623.28,248.69,0.1095,0.1565,15,844
0.0710,0.9290,1,15.8490,0.8000,607.41,204.07,0.1096,0.1370,60,845
0.1036,0.8964,1,15.8490,0.9000,587.83,165.95,0.1096,0.1218,60,846
0.1407,0.8593,1,15.8490,1,565.64,134.78,0.1096,0.1097,60,847
-4.1768e-05,1.0000,0,25.1190,0.0100,650,644,0.0692,6.9158,32,848
-3.1284e-04,1.0003,0,25.1190,0.1000,650,589.91,0.0693,0.6919,60,849
0.4753,0.5247,0.7000,1,0.7000,364.95,429.53,1.7377,2.4782,60,85
-2.2745e-05,1.0000,0,25.1190,0.2000,650,530,0.0692,0.3458,25,850
-0.0029,1.0029,0,25.1190,0.3000,650,468.42,0.0694,0.2295,60,851
-0.0022,1.0022,0,25.1190,0.4000,650,409.22,0.0692,0.1731,60,852
-8.9561e-04,1.0009,0,25.1190,0.5000,650,349.19,0.0693,0.1383,60,853
-2.8719e-05,1.0000,0,25.1190,0.6000,649.99,289.97,0.0691,0.1151,14,854
-0.0027,1.0027,0,25.1190,0.7000,649.89,226.86,0.0693,0.0989,60,855
0.0013,0.9987,0,25.1190,0.8000,649.21,170.61,0.0691,0.0863,14,856
0.0087,0.9913,0,25.1190,0.9000,644.77,114.7,0.0691,0.0767,14,857
0.0349,0.9651,0,25.1190,1,624.83,70.729,0.0694,0.0692,60,858
-0.0202,1.0202,0.1000,25.1190,0.0100,650,643.74,0.0706,6.8643,60,859
0.4889,0.5111,0.7000,1,0.8000,356.67,404.64,1.7371,2.1659,20,86
-0.0024,1.0024,0.1000,25.1190,0.1000,650,589.62,0.0693,0.6864,60,860
0.0034,0.9966,0.1000,25.1190,0.2000,650,530.11,0.0692,0.3432,60,861
7.0967e-06,1.0000,0.1000,25.1190,0.3000,650,469.77,0.0692,0.2288,23,862
0.0012,0.9988,0.1000,25.1190,0.4000,650,411.71,0.0687,0.1716,60,863
4.6577e-05,1.0000,0.1000,25.1190,0.5000,650,349.67,0.0691,0.1372,15,864
-0.0049,1.0049,0.1000,25.1190,0.6000,649.98,286.11,0.0695,0.1144,60,865
2.5093e-04,0.9997,0.1000,25.1190,0.7000,649.85,229.8,0.0692,0.0981,19,866
0.0058,0.9942,0.1000,25.1190,0.8000,649.11,175.29,0.0687,0.0859,60,867
0.0107,0.9893,0.1000,25.1190,0.9000,643.66,115.55,0.0691,0.0762,14,868
0.0341,0.9659,0.1000,25.1190,1,625.27,74.677,0.0691,0.0685,14,869
0.5023,0.4977,0.7000,1,0.9000,348.63,381.21,1.7371,1.9252,19,87
-1.3783e-05,1.0000,0.2000,25.1190,0.0100,650,643.99,0.0692,6.8793,33,870
3.9639e-04,0.9996,0.2000,25.1190,0.1000,650,589.98,0.0691,0.6879,60,871
-0.0021,1.0021,0.2000,25.1190,0.2000,650,529.4,0.0693,0.3440,60,872
-0.0016,1.0016,0.2000,25.1190,0.3000,650,469.37,0.0692,0.2293,60,873
2.1067e-05,1.0000,0.2000,25.1190,0.4000,650,409.73,0.0691,0.1719,16,874
0.0017,0.9983,0.2000,25.1190,0.5000,650,353.35,0.0684,0.1376,60,875
9.3641e-05,0.9999,0.2000,25.1190,0.6000,649.96,289.69,0.0691,0.1146,15,876
5.5755e-04,0.9994,0.2000,25.1190,0.7000,649.7,229.88,0.0691,0.0981,14,877
-6.2428e-04,1.0006,0.2000,25.1190,0.8000,648.1,172.12,0.0688,0.0860,60,878
0.0105,0.9895,0.2000,25.1190,0.9000,640.77,117.31,0.0689,0.0767,60,879
0.5141,0.4859,0.7000,1,1,340.81,359.17,1.7371,1.7326,19,88
0.0429,0.9571,0.2000,25.1190,1,621.28,78.649,0.0691,0.0687,14,880
-0.0014,1.0014,0.3000,25.1190,0.0100,650,643.98,0.0693,6.8835,60,881
-0.0022,1.0022,0.3000,25.1190,0.1000,650,589.75,0.0692,0.6883,60,882
2.8298e-05,1.0000,0.3000,25.1190,0.2000,650,529.88,0.0691,0.3440,16,883
0.0061,0.9939,0.3000,25.1190,0.3000,650,473.12,0.0683,0.2294,60,884
0.0045,0.9955,0.3000,25.1190,0.4000,650,410.82,0.0692,0.1721,60,885
0.0049,0.9951,0.3000,25.1190,0.5000,649.99,351.55,0.0690,0.1376,60,886
-0.0037,1.0037,0.3000,25.1190,0.6000,649.91,290.04,0.0688,0.1147,60,887
0.0011,0.9989,0.3000,25.1190,0.7000,649.38,230.12,0.0691,0.0982,14,888
0.0055,0.9945,0.3000,25.1190,0.8000,646.72,172.37,0.0691,0.0859,14,889
0.3696,0.6304,0.8000,1,0.0100,428.24,646.22,1.7372,173.5047,60,89
0.0199,0.9801,0.3000,25.1190,0.9000,638.18,123.47,0.0689,0.0766,60,890
0.0536,0.9464,0.3000,25.1190,1,618.15,84.406,0.0694,0.0690,60,891
-2.4239e-05,1.0000,0.4000,25.1190,0.0100,650,644,0.0692,6.8899,50,892
8.8350e-06,1.0000,0.4000,25.1190,0.1000,650,589.95,0.0692,0.6890,31,893
-1.6690e-04,1.0002,0.4000,25.1190,0.2000,650,529.61,0.0693,0.3445,60,894
2.8753e-05,1.0000,0.4000,25.1190,0.3000,650,469.84,0.0691,0.2296,16,895
4.6144e-05,1.0000,0.4000,25.1190,0.4000,650,409.78,0.0691,0.1721,15,896
0.0031,0.9969,0.4000,25.1190,0.5000,649.98,349.2,0.0695,0.1378,60,897
-0.0053,1.0053,0.4000,25.1190,0.6000,649.82,288.93,0.0689,0.1148,60,898
0.0012,0.9988,0.4000,25.1190,0.7000,648.88,227.73,0.0696,0.0984,60,899
0.4746,0.5254,0,1,0.8000,365.27,397.8,1.7370,2.1707,60,9
0.3849,0.6151,0.8000,1,0.1000,419.08,613.09,1.7372,17.3505,60,90
0.0068,0.9932,0.4000,25.1190,0.8000,644.77,168.35,0.0698,0.0861,60,900
0.0253,0.9747,0.4000,25.1190,0.9000,634.85,123.49,0.0691,0.0765,15,901
0.0576,0.9424,0.4000,25.1190,1,613.37,86.549,0.0691,0.0688,14,902
0.0016,0.9984,0.5000,25.1190,0.0100,650,644.01,0.0691,6.8924,60,903
7.8925e-06,1.0000,0.5000,25.1190,0.1000,650,589.95,0.0692,0.6892,34,904
0.0080,0.9920,0.5000,25.1190,0.2000,650,531.11,0.0690,0.3446,60,905
1.7599e-05,1.0000,0.5000,25.1190,0.3000,650,469.85,0.0692,0.2297,60,906
2.3061e-05,1.0000,0.5000,25.1190,0.4000,649.99,409.8,0.0692,0.1723,19,907
-0.0035,1.0035,0.5000,25.1190,0.5000,649.95,349.16,0.0691,0.1379,60,908
5.4086e-04,0.9995,0.5000,25.1190,0.6000,649.7,289.9,0.0691,0.1148,15,909
0.4014,0.5986,0.8000,1,0.2000,409.23,578.17,1.7370,8.6747,60,91
0.0025,0.9975,0.5000,25.1190,0.7000,648.49,230.79,0.0692,0.0985,40,910
0.0098,0.9902,0.5000,25.1190,0.8000,644.17,174.43,0.0691,0.0860,14,911
0.0288,0.9712,0.5000,25.1190,0.9000,632.79,125.32,0.0691,0.0765,14,912
0.0574,0.9426,0.5000,25.1190,1,607.17,84.716,0.0697,0.0686,60,913
-4.0683e-05,1.0000,0.6000,25.1190,0.0100,650,644,0.0692,6.8953,38,914
-0.0090,1.0090,0.6000,25.1190,0.1000,650,588.78,0.0699,0.6895,60,915
-0.0098,1.0098,0.6000,25.1190,0.2000,650,528.8,0.0691,0.3447,60,916
0.0028,0.9972,0.6000,25.1190,0.3000,650,471.52,0.0687,0.2298,60,917
7.9055e-04,0.9992,0.6000,25.1190,0.4000,649.99,410.26,0.0691,0.1724,60,918
1.6542e-04,0.9998,0.6000,25.1190,0.5000,649.91,349.84,0.0692,0.1379,54,919
0.4175,0.5825,0.8000,1,0.3000,399.5,545.14,1.7372,5.7783,34,92
8.5912e-04,0.9991,0.6000,25.1190,0.6000,649.49,290.08,0.0692,0.1149,38,920
0.0062,0.9938,0.6000,25.1190,0.7000,647.84,232.49,0.0691,0.0985,60,921
0.0124,0.9876,0.6000,25.1190,0.8000,642.56,175.74,0.0691,0.0861,14,922
0.0329,0.9671,0.6000,25.1190,0.9000,630.27,127.61,0.0691,0.0766,15,923
0.0665,0.9335,0.6000,25.1190,1,608.47,91.444,0.0691,0.0689,14,924
-4.4284e-05,1.0000,0.7000,25.1190,0.0100,650,644,0.0692,6.8981,39,925
1.6172e-05,1.0000,0.7000,25.1190,0.1000,650,589.96,0.0692,0.6898,59,926
1.9541e-05,1.0000,0.7000,25.1190,0.2000,650,529.92,0.0692,0.3449,60,927
-0.0050,1.0050,0.7000,25.1190,0.3000,650,469.47,0.0688,0.2298,60,928
-0.0024,1.0024,0.7000,25.1190,0.4000,649.97,410.48,0.0689,0.1726,60,929
0.4332,0.5668,0.8000,1,0.4000,390.11,513.94,1.7372,4.3337,37,93
3.2789e-04,0.9997,0.7000,25.1190,0.5000,649.81,349.91,0.0692,0.1380,60,930
0.0015,0.9985,0.7000,25.1190,0.6000,649.09,290.34,0.0692,0.1150,55,931
-4.4394e-04,1.0004,0.7000,25.1190,0.7000,646.33,227.53,0.0694,0.0983,60,932
0.0164,0.9836,0.7000,25.1190,0.8000,640.16,177.67,0.0691,0.0862,15,933
0.0389,0.9611,0.7000,25.1190,0.9000,626.72,130.79,0.0691,0.0765,14,934
0.0733,0.9267,0.7000,25.1190,1,604.66,95.245,0.0691,0.0689,14,935
-0.0027,1.0027,0.8000,25.1190,0.0100,650,643.97,0.0693,6.9011,60,936
1.0802e-05,1.0000,0.8000,25.1190,0.1000,650,589.97,0.0692,0.6901,25,937
1.8182e-05,1.0000,0.8000,25.1190,0.2000,650,529.93,0.0692,0.3451,60,938
0.0084,0.9916,0.8000,25.1190,0.3000,649.99,471,0.0694,0.2299,60,939
0.4484,0.5516,0.8000,1,0.5000,380.98,484.49,1.7372,3.4670,30,94
-5.3790e-04,1.0005,0.8000,25.1190,0.4000,649.93,410.32,0.0690,0.1725,60,940
-0.0010,1.0010,0.8000,25.1190,0.5000,649.61,351.32,0.0690,0.1382,60,941
0.0040,0.9960,0.8000,25.1190,0.6000,648.42,292.58,0.0690,0.1150,60,942
0.0157,0.9843,0.8000,25.1190,0.7000,644.79,232.45,0.0694,0.0983,60,943
0.0146,0.9854,0.8000,25.1190,0.8000,637.3,184.72,0.0685,0.0868,60,944
0.0475,0.9525,0.8000,25.1190,0.9000,622.5,137.11,0.0690,0.0765,60,945
0.0817,0.9183,0.8000,25.1190,1,597.96,99.114,0.0689,0.0690,60,946
-0.0016,1.0016,0.9000,25.1190,0.0100,650,643.97,0.0694,6.9032,60,947
0.0021,0.9979,0.9000,25.1190,0.1000,650,590.55,0.0687,0.6902,60,948
-0.0026,1.0026,0.9000,25.1190,0.2000,650,529.56,0.0692,0.3452,60,949
0.4632,0.5368,0.8000,1,0.6000,372.08,456.7,1.7373,2.8916,60,95
5.6498e-05,0.9999,0.9000,25.1190,0.3000,649.98,469.89,0.0692,0.2301,60,950
3.0404e-04,0.9997,0.9000,25.1190,0.4000,649.82,409.91,0.0692,0.1726,26,951
0.0015,0.9985,0.9000,25.1190,0.5000,649.13,350.24,0.0692,0.1381,60,952
0.0051,0.9949,0.9000,25.1190,0.6000,646.93,291.62,0.0692,0.1151,60,953
0.0103,0.9897,0.9000,25.1190,0.7000,641.01,232.61,0.0690,0.0984,60,954
0.0312,0.9688,0.9000,25.1190,0.8000,631.3,184.75,0.0691,0.0863,17,955
0.0569,0.9431,0.9000,25.1190,0.9000,615.28,142.75,0.0690,0.0767,60,956
0.0951,0.9049,0.9000,25.1190,1,592.04,107.82,0.0692,0.0690,60,957
-6.7426e-05,1.0001,1,25.1190,0.0100,650,644,0.0692,6.9158,60,958
-0.0043,1.0043,1,25.1190,0.1000,650,589.57,0.0689,0.6913,60,959
0.4775,0.5225,0.8000,1,0.7000,363.41,430.52,1.7373,2.4786,60,96
-2.6439e-05,1.0000,1,25.1190,0.2000,649.99,529.86,0.0692,0.3458,60,960
0.0060,0.9940,1,25.1190,0.3000,649.93,471.03,0.0690,0.2301,60,961
0.0055,0.9945,1,25.1190,0.4000,649.54,412.33,0.0688,0.1728,60,962
0.0034,0.9966,1,25.1190,0.5000,648.06,350.9,0.0692,0.1381,60,963
0.0096,0.9904,1,25.1190,0.6000,644.24,293.46,0.0692,0.1153,60,964
0.0178,0.9822,1,25.1190,0.7000,635.91,237.06,0.0691,0.0986,60,965
0.0437,0.9563,1,25.1190,0.8000,623.79,190.96,0.0692,0.0864,60,966
0.0738,0.9262,1,25.1190,0.9000,605.17,149.1,0.0694,0.0768,60,967
0.1117,0.8883,1,25.1190,1,582.54,117.34,0.0691,0.0692,60,968
-0.0073,1.0073,0,39.8110,0.0100,650,643.95,0.0437,4.3637,60,969
0.4916,0.5084,0.8000,1,0.8000,355.02,405.83,1.7379,2.1687,60,97
-3.4456e-04,1.0003,0,39.8110,0.1000,650,589.98,0.0436,0.4363,18,970
-2.7363e-04,1.0003,0,39.8110,0.2000,650,529.96,0.0436,0.2181,16,971
-0.0017,1.0017,0,39.8110,0.3000,650,469.69,0.0437,0.1455,60,972
6.0592e-04,0.9994,0,39.8110,0.4000,650,407.77,0.0440,0.1092,60,973
-1.2799e-04,1.0001,0,39.8110,0.5000,650,349.94,0.0436,0.0871,14,974
0.0099,0.9901,0,39.8110,0.6000,650,292.37,0.0437,0.0726,60,975
5.1006e-04,0.9995,0,39.8110,0.7000,650,228.87,0.0436,0.0619,60,976
-0.0026,1.0026,0,39.8110,0.8000,649.95,172.22,0.0433,0.0543,60,977
-0.0012,1.0012,0,39.8110,0.9000,648.57,110.34,0.0438,0.0484,60,978
0.0155,0.9845,0,39.8110,1,628.83,58.761,0.0446,0.0434,60,979
0.5049,0.4951,0.8000,1,0.9000,347.04,382.63,1.7370,1.9259,18,98
-1.5498e-05,1.0000,0.1000,39.8110,0.0100,650,643.99,0.0436,4.3310,29,980
7.5948e-06,1.0000,0.1000,39.8110,0.1000,650,589.91,0.0436,0.4331,24,981
-0.0036,1.0036,0.1000,39.8110,0.2000,650,529.69,0.0435,0.2163,60,982
0.0037,0.9963,0.1000,39.8110,0.3000,650,469.76,0.0438,0.1444,60,983
0.0017,0.9983,0.1000,39.8110,0.4000,650,409.82,0.0437,0.1083,60,984
4.5276e-05,1.0000,0.1000,39.8110,0.5000,650,349.6,0.0436,0.0866,15,985
-0.0050,1.0050,0.1000,39.8110,0.6000,650,286.55,0.0438,0.0722,60,986
0.0083,0.9917,0.1000,39.8110,0.7000,650,237.44,0.0432,0.0619,60,987
-0.0091,1.0091,0.1000,39.8110,0.8000,649.86,161.55,0.0438,0.0539,60,988
0.0043,0.9957,0.1000,39.8110,0.9000,648.81,114.08,0.0435,0.0483,60,989
0.5174,0.4826,0.8000,1,1,339.13,360.8,1.7373,1.7350,60,99
0.0231,0.9769,0.1000,39.8110,1,633.06,66.451,0.0439,0.0435,60,990
-0.0085,1.0085,0.2000,39.8110,0.0100,650,643.89,0.0440,4.3405,60,991
1.2754e-05,1.0000,0.2000,39.8110,0.1000,650,589.93,0.0436,0.4340,17,992
-0.0019,1.0019,0.2000,39.8110,0.2000,650,530.13,0.0435,0.2171,60,993
2.3593e-05,1.0000,0.2000,39.8110,0.3000,650,469.79,0.0436,0.1447,24,994
0.0058,0.9942,0.2000,39.8110,0.4000,650,411.84,0.0435,0.1085,60,995
2.9567e-05,1.0000,0.2000,39.8110,0.5000,650,349.64,0.0436,0.0868,15,996
0.0037,0.9963,0.2000,39.8110,0.6000,650,293.22,0.0434,0.0723,60,997
-0.0052,1.0052,0.2000,39.8110,0.7000,649.99,226.53,0.0437,0.0620,60,998
0.0060,0.9940,0.2000,39.8110,0.8000,649.81,171.29,0.0438,0.0543,60,999
