ineff,eff,alpha,NTU,C_r,T_C_out,T_H_out,m_dot_C,m_dot_H,ConvSteps,run
0.1085,0.8915,0.1000,7.9433,0.9,580.9,119.05,0.2187,0.2170,17,1324
0.3692,0.6308,0,1,0.0100,428.47,646.21,1.7372,173.7026,60,1
0.4873,0.5127,0,1,0.9000,357.59,373.21,1.7369,1.9300,60,10
0.3696,0.6304,0.9000,1,0.0100,428.23,646.22,1.7368,173.5418,60,100
0.0124,0.9876,0.2000,27.5420,0.9000,642.58,116.5,0.0630,0.0696,14,1000
0.0400,0.9600,0.2000,27.5420,1,620.77,74.905,0.0634,0.0630,60,1001
-0.0050,1.0050,0.3000,27.5420,0.0100,650,643.95,0.0632,6.2779,60,1002
0.0013,0.9987,0.3000,27.5420,0.1000,650,590.16,0.0629,0.6278,60,1003
2.0639e-05,1.0000,0.3000,27.5420,0.2000,650,529.89,0.0631,0.3139,18,1004
0.0017,0.9983,0.3000,27.5420,0.3000,650,470.55,0.0629,0.2093,60,1005
4.5948e-05,1.0000,0.3000,27.5420,0.4000,650,409.76,0.0630,0.1568,15,1006
-9.4825e-04,1.0009,0.3000,27.5420,0.5000,650,351.15,0.0627,0.1256,60,1007
8.4527e-05,0.9999,0.3000,27.5420,0.6000,649.95,289.72,0.0631,0.1046,37,1008
-0.0055,1.0055,0.3000,27.5420,0.7000,649.61,230.24,0.0626,0.0897,60,1009
0.3854,0.6146,0.9000,1,0.1000,418.72,613.12,1.7373,17.3542,60,101
0.0042,0.9958,0.3000,27.5420,0.8000,647.55,171.69,0.0630,0.0784,14,1010
0.0179,0.9821,0.3000,27.5420,0.9000,639.29,119.47,0.0630,0.0697,14,1011
0.0451,0.9549,0.3000,27.5420,1,616.53,79.16,0.0635,0.0630,60,1012
-2.9757e-05,1.0000,0.4000,27.5420,0.0100,650,644,0.0631,6.2838,60,1013
1.3767e-05,1.0000,0.4000,27.5420,0.1000,650,589.95,0.0631,0.6284,43,1014
4.5659e-05,1.0000,0.4000,27.5420,0.2000,650,529.89,0.0630,0.3140,15,1015
4.5326e-05,1.0000,0.4000,27.5420,0.3000,650,469.83,0.0630,0.2093,15,1016
1.5153e-05,1.0000,0.4000,27.5420,0.4000,650,409.8,0.0631,0.1571,34,1017
0.0065,0.9935,0.4000,27.5420,0.5000,649.99,349.78,0.0635,0.1257,60,1018
-0.0079,1.0079,0.4000,27.5420,0.6000,649.89,286.37,0.0632,0.1047,60,1019
0.4024,0.5976,0.9000,1,0.2000,408.56,578.29,1.7369,8.6771,60,102
0.0012,0.9988,0.4000,27.5420,0.7000,649.32,230.19,0.0630,0.0897,15,1020
0.0080,0.9920,0.4000,27.5420,0.8000,646.86,177.47,0.0625,0.0786,60,1021
0.0220,0.9780,0.4000,27.5420,0.9000,636.82,121.71,0.0630,0.0697,14,1022
0.0538,0.9462,0.4000,27.5420,1,615.63,84.296,0.0630,0.0628,14,1023
0.0031,0.9969,0.5000,27.5420,0.0100,650,644.04,0.0628,6.2860,60,1024
-6.5032e-04,1.0007,0.5000,27.5420,0.1000,650,589.73,0.0633,0.6286,60,1025
-0.0014,1.0014,0.5000,27.5420,0.2000,650,530.09,0.0629,0.3143,60,1026
2.6060e-05,1.0000,0.5000,27.5420,0.3000,650,469.84,0.0631,0.2095,16,1027
-0.0077,1.0077,0.5000,27.5420,0.4000,650,408.11,0.0629,0.1571,60,1028
0.0011,0.9989,0.5000,27.5420,0.5000,649.97,347.38,0.0637,0.1257,60,1029
0.4188,0.5812,0.9000,1,0.3000,398.62,545.4,1.7369,5.7847,60,103
3.2821e-04,0.9997,0.5000,27.5420,0.6000,649.83,289.82,0.0630,0.1047,15,1030
0.0018,0.9982,0.5000,27.5420,0.7000,648.97,230.44,0.0630,0.0897,15,1031
0.0062,0.9938,0.5000,27.5420,0.8000,645.19,170.75,0.0633,0.0786,60,1032
0.0251,0.9749,0.5000,27.5420,0.9000,634.91,123.43,0.0631,0.0698,49,1033
0.0576,0.9424,0.5000,27.5420,1,613.53,86.385,0.0630,0.0628,15,1034
-0.0024,1.0024,0.6000,27.5420,0.0100,650,643.99,0.0630,6.2887,60,1035
0.0012,0.9988,0.6000,27.5420,0.1000,650,590.28,0.0628,0.6289,60,1036
1.9631e-05,1.0000,0.6000,27.5420,0.2000,650,529.92,0.0631,0.3144,60,1037
1.4191e-05,1.0000,0.6000,27.5420,0.3000,650,469.88,0.0631,0.2096,60,1038
2.3255e-05,1.0000,0.6000,27.5420,0.4000,649.99,409.83,0.0631,0.1572,18,1039
0.4349,0.5651,0.9000,1,0.4000,389.23,514.43,1.7362,4.3386,60,104
8.8073e-05,0.9999,0.6000,27.5420,0.5000,649.95,349.82,0.0631,0.1258,19,1040
3.0144e-05,1.0000,0.6000,27.5420,0.6000,649.7,289.61,0.0631,0.1046,60,1041
0.0062,0.9938,0.6000,27.5420,0.7000,648.49,233.36,0.0629,0.0898,60,1042
0.0059,0.9941,0.6000,27.5420,0.8000,643.82,173.84,0.0629,0.0782,60,1043
0.0317,0.9683,0.6000,27.5420,0.9000,632.49,122.46,0.0636,0.0697,60,1044
0.0622,0.9378,0.6000,27.5420,1,611.04,88.878,0.0631,0.0629,19,1045
0.0057,0.9943,0.7000,27.5420,0.0100,650,644.03,0.0630,6.2912,60,1046
0.0035,0.9965,0.7000,27.5420,0.1000,650,590.41,0.0628,0.6291,60,1047
2.5067e-05,1.0000,0.7000,27.5420,0.2000,650,529.93,0.0631,0.3146,60,1048
1.7105e-05,1.0000,0.7000,27.5420,0.3000,650,469.88,0.0631,0.2097,18,1049
0.4505,0.5495,0.9000,1,0.5000,379.68,485.1,1.7375,3.4709,60,105
-0.0056,1.0056,0.7000,27.5420,0.4000,649.99,411.51,0.0619,0.1569,60,1050
2.1520e-04,0.9998,0.7000,27.5420,0.5000,649.9,349.85,0.0630,0.1257,15,1051
9.8656e-04,0.9990,0.7000,27.5420,0.6000,649.41,290.14,0.0631,0.1049,60,1052
0.0045,0.9955,0.7000,27.5420,0.7000,647.5,233.35,0.0630,0.0899,60,1053
0.0067,0.9933,0.7000,27.5420,0.8000,642,176.34,0.0626,0.0787,60,1054
0.0335,0.9665,0.7000,27.5420,0.9000,627.89,124.9,0.0634,0.0698,60,1055
0.0666,0.9334,0.7000,27.5420,1,607.9,92.996,0.0628,0.0629,60,1056
-4.7629e-05,1.0000,0.8000,27.5420,0.0100,650,644,0.0631,6.2939,60,1057
2.3292e-05,1.0000,0.8000,27.5420,0.1000,650,589.96,0.0631,0.6291,16,1058
-0.0179,1.0179,0.8000,27.5420,0.2000,650,528.14,0.0631,0.3149,60,1059
0.4655,0.5345,0.9000,1,0.6000,370.61,457.53,1.7375,2.8925,60,106
1.8714e-05,1.0000,0.8000,27.5420,0.3000,650,469.9,0.0631,0.2098,60,1060
0.0032,0.9968,0.8000,27.5420,0.4000,649.96,409.86,0.0634,0.1574,60,1061
4.1446e-04,0.9996,0.8000,27.5420,0.5000,649.76,349.95,0.0631,0.1259,60,1062
0.0019,0.9981,0.8000,27.5420,0.6000,648.86,290.5,0.0631,0.1049,60,1063
0.0078,0.9922,0.8000,27.5420,0.7000,645.5,226.75,0.0633,0.0897,60,1064
0.0189,0.9811,0.8000,27.5420,0.8000,638.7,178.85,0.0630,0.0786,15,1065
0.0422,0.9578,0.8000,27.5420,0.9000,625.08,133.64,0.0630,0.0698,60,1066
0.0721,0.9279,0.8000,27.5420,1,601.58,97.132,0.0623,0.0626,60,1067
-0.0035,1.0035,0.9000,27.5420,0.0100,650,643.99,0.0630,6.2959,60,1068
0.0016,0.9984,0.9000,27.5420,0.1000,650,590.09,0.0630,0.6295,60,1069
0.4800,0.5200,0.9000,1,0.7000,361.97,431.59,1.7371,2.4792,60,107
-0.0043,1.0043,0.9000,27.5420,0.2000,650,530.46,0.0626,0.3148,60,1070
4.1911e-05,1.0000,0.9000,27.5420,0.3000,649.99,469.89,0.0631,0.2099,60,1071
1.8397e-04,0.9998,0.9000,27.5420,0.4000,649.9,409.88,0.0631,0.1574,20,1072
0.0039,0.9961,0.9000,27.5420,0.5000,649.43,351.67,0.0629,0.1258,60,1073
-7.3939e-04,1.0007,0.9000,27.5420,0.6000,647.56,286.96,0.0635,0.1050,60,1074
0.0096,0.9904,0.9000,27.5420,0.7000,642.98,231.73,0.0630,0.0897,60,1075
0.0271,0.9729,0.9000,27.5420,0.8000,633.75,182.77,0.0630,0.0786,15,1076
0.0572,0.9428,0.9000,27.5420,0.9000,618.24,138.67,0.0630,0.0695,60,1077
0.0878,0.9122,0.9000,27.5420,1,594.33,104.76,0.0635,0.0632,60,1078
0.0026,0.9974,1,27.5420,0.0100,650,644.03,0.0629,6.3074,60,1079
0.4942,0.5058,0.9000,1,0.8000,353.57,407.16,1.7375,2.1679,60,108
0.0034,0.9966,1,27.5420,0.1000,650,590.33,0.0630,0.6309,60,1080
4.4061e-05,1.0000,1,27.5420,0.2000,650,530,0.0631,0.3154,60,1081
-0.0077,1.0077,1,27.5420,0.3000,649.96,469.61,0.0627,0.2102,60,1082
5.4066e-04,0.9995,1,27.5420,0.4000,649.69,410.13,0.0631,0.1577,60,1083
0.0047,0.9953,1,27.5420,0.5000,648.72,355.84,0.0621,0.1266,60,1084
0.0077,0.9923,1,27.5420,0.6000,645.4,292.77,0.0631,0.1051,60,1085
0.0186,0.9814,1,27.5420,0.7000,638.72,238.48,0.0629,0.0902,60,1086
0.0393,0.9607,1,27.5420,0.8000,626.45,188.84,0.0631,0.0788,60,1087
0.0689,0.9311,1,27.5420,0.9000,608.65,147.22,0.0631,0.0701,60,1088
0.1073,0.8927,1,27.5420,1,585.64,114.36,0.0631,0.0631,60,1089
0.5077,0.4923,0.9000,1,0.9000,345.38,384.12,1.7370,1.9265,18,109
-1.1086e-04,1.0001,0,41.6870,0.0100,650,644,0.0417,4.1672,29,1090
-9.3559e-05,1.0001,0,41.6870,0.1000,650,589.99,0.0417,0.4167,24,1091
0.0028,0.9972,0,41.6870,0.2000,650,530.24,0.0417,0.2076,60,1092
-5.6612e-05,1.0001,0,41.6870,0.3000,650,469.99,0.0417,0.1389,33,1093
-5.0955e-04,1.0005,0,41.6870,0.4000,650,411.27,0.0415,0.1039,60,1094
-0.0025,1.0025,0,41.6870,0.5000,650,348.72,0.0417,0.0835,60,1095
-9.5291e-05,1.0001,0,41.6870,0.6000,650,289.95,0.0416,0.0694,14,1096
0.0084,0.9916,0,41.6870,0.7000,650,230.43,0.0419,0.0594,60,1097
5.0945e-05,0.9999,0,41.6870,0.8000,649.97,170.02,0.0417,0.0521,60,1098
0.0015,0.9985,0,41.6870,0.9000,649.06,110.83,0.0416,0.0462,14,1099
0.5000,0.5000,0,1,1,350.03,350.02,1.7371,1.7372,60,11
0.5200,0.4800,0.9000,1,1,337.43,362.47,1.7370,1.7335,60,110
0.0241,0.9759,0,41.6870,1,639.27,68.164,0.0415,0.0418,60,1100
-2.1702e-05,1.0000,0.1000,41.6870,0.0100,650,643.99,0.0417,4.1361,28,1101
4.8513e-06,1.0000,0.1000,41.6870,0.1000,650,589.9,0.0417,0.4136,20,1102
2.7586e-05,1.0000,0.1000,41.6870,0.2000,650,529.8,0.0417,0.2067,16,1103
0.0025,0.9975,0.1000,41.6870,0.3000,650,469.82,0.0418,0.1378,60,1104
-8.9916e-04,1.0009,0.1000,41.6870,0.4000,650,408.66,0.0418,0.1034,60,1105
-0.0017,1.0017,0.1000,41.6870,0.5000,650,351.31,0.0413,0.0828,60,1106
0.0051,0.9949,0.1000,41.6870,0.6000,650,294.37,0.0413,0.0690,60,1107
8.6302e-05,0.9999,0.1000,41.6870,0.7000,650,229.59,0.0416,0.0590,14,1108
1.8005e-04,0.9998,0.1000,41.6870,0.8000,649.94,169.71,0.0416,0.0516,14,1109
0.3696,0.6304,1,1,0.0100,428.14,646.22,1.7371,173.7172,60,111
0.0114,0.9886,0.1000,41.6870,0.9000,649.02,115.32,0.0417,0.0460,60,1110
0.0234,0.9766,0.1000,41.6870,1,635.88,66.498,0.0420,0.0415,60,1111
-0.0046,1.0046,0.2000,41.6870,0.0100,650,643.96,0.0417,4.1452,60,1112
4.1807e-06,1.0000,0.2000,41.6870,0.1000,650,589.86,0.0417,0.4145,60,1113
-6.3291e-04,1.0006,0.2000,41.6870,0.2000,650,530.2,0.0415,0.2073,60,1114
1.7777e-05,1.0000,0.2000,41.6870,0.3000,650,469.78,0.0417,0.1382,28,1115
1.4976e-05,1.0000,0.2000,41.6870,0.4000,650,409.71,0.0417,0.1036,25,1116
3.1999e-05,1.0000,0.2000,41.6870,0.5000,650,349.64,0.0416,0.0828,15,1117
0.0022,0.9978,0.2000,41.6870,0.6000,650,292.92,0.0414,0.0691,60,1118
6.4468e-05,0.9999,0.2000,41.6870,0.7000,649.99,229.6,0.0416,0.0591,14,1119
0.3860,0.6140,1,1,0.1000,418.49,613.16,1.7369,17.3716,60,112
-0.0033,1.0033,0.2000,41.6870,0.8000,649.82,168.47,0.0416,0.0518,60,1120
0.0061,0.9939,0.2000,41.6870,0.9000,647.03,110.99,0.0418,0.0460,60,1121
0.0256,0.9744,0.2000,41.6870,1,634.48,72.036,0.0413,0.0417,60,1122
-5.7543e-05,1.0001,0.3000,41.6870,0.0100,650,644,0.0417,4.1477,27,1123
0.0030,0.9970,0.3000,41.6870,0.1000,650,590.22,0.0416,0.4148,60,1124
2.6596e-05,1.0000,0.3000,41.6870,0.2000,650,529.9,0.0417,0.2074,28,1125
0.0174,0.9826,0.3000,41.6870,0.3000,650,474.79,0.0412,0.1383,60,1126
4.5243e-05,1.0000,0.3000,41.6870,0.4000,650,409.75,0.0416,0.1036,15,1127
-0.0123,1.0123,0.3000,41.6870,0.5000,650,344.93,0.0418,0.0830,60,1128
-0.0033,1.0033,0.3000,41.6870,0.6000,650,289.57,0.0415,0.0691,60,1129
0.4035,0.5965,1,1,0.2000,407.91,578.41,1.7373,8.6858,60,113
0.0015,0.9985,0.3000,41.6870,0.7000,649.98,230.5,0.0417,0.0593,60,1130
-0.0096,1.0096,0.3000,41.6870,0.8000,649.23,159.03,0.0422,0.0518,60,1131
0.0115,0.9885,0.3000,41.6870,0.9000,645.12,115.85,0.0417,0.0461,60,1132
0.0347,0.9653,0.3000,41.6870,1,626.52,73.407,0.0416,0.0414,14,1133
-5.7139e-05,1.0001,0.4000,41.6870,0.0100,650,643.99,0.0417,4.1516,32,1134
3.0781e-05,1.0000,0.4000,41.6870,0.1000,650,589.95,0.0417,0.4152,33,1135
3.3556e-05,1.0000,0.4000,41.6870,0.2000,650,529.9,0.0417,0.2076,30,1136
3.3355e-05,1.0000,0.4000,41.6870,0.3000,650,469.84,0.0417,0.1383,16,1137
2.0959e-05,1.0000,0.4000,41.6870,0.4000,650,409.45,0.0417,0.1038,60,1138
-0.0045,1.0045,0.4000,41.6870,0.5000,650,346.43,0.0419,0.0831,60,1139
0.4204,0.5796,1,1,0.3000,397.79,545.67,1.7370,5.7906,60,114
-0.0087,1.0087,0.4000,41.6870,0.6000,650,288.48,0.0415,0.0692,60,1140
-0.0156,1.0156,0.4000,41.6870,0.7000,649.92,225.27,0.0415,0.0593,60,1141
0.0106,0.9894,0.4000,41.6870,0.8000,649.26,176.73,0.0414,0.0518,60,1142
0.0150,0.9850,0.4000,41.6870,0.9000,643.04,113.95,0.0420,0.0461,60,1143
0.0403,0.9597,0.4000,41.6870,1,624.9,75.484,0.0415,0.0415,60,1144
5.1919e-04,0.9995,0.5000,41.6870,0.0100,650,643.94,0.0421,4.1531,60,1145
0.0028,0.9972,0.5000,41.6870,0.1000,650,589.87,0.0418,0.4153,60,1146
-3.5364e-04,1.0004,0.5000,41.6870,0.2000,650,529.99,0.0415,0.2076,60,1147
0.0079,0.9921,0.5000,41.6870,0.3000,650,473.72,0.0411,0.1384,60,1148
-0.0031,1.0031,0.5000,41.6870,0.4000,650,404.54,0.0423,0.1037,60,1149
0.4367,0.5633,1,1,0.4000,387.97,514.81,1.7372,4.3429,57,115
-0.0201,1.0201,0.5000,41.6870,0.5000,650,339.01,0.0423,0.0830,60,1150
1.7900e-05,1.0000,0.5000,41.6870,0.6000,649.99,289.71,0.0417,0.0692,56,1151
2.8159e-04,0.9997,0.5000,41.6870,0.7000,649.88,229.75,0.0416,0.0593,14,1152
0.0154,0.9846,0.5000,41.6870,0.8000,648.73,170.09,0.0421,0.0519,60,1153
0.0130,0.9870,0.5000,41.6870,0.9000,642.25,116.77,0.0416,0.0461,14,1154
0.0426,0.9574,0.5000,41.6870,1,622.48,77.431,0.0417,0.0415,60,1155
-2.2747e-05,1.0000,0.6000,41.6870,0.0100,650,644,0.0417,4.1548,60,1156
-0.0043,1.0043,0.6000,41.6870,0.1000,650,589.16,0.0420,0.4155,60,1157
9.1021e-04,0.9991,0.6000,41.6870,0.2000,650,530.29,0.0416,0.2076,60,1158
0.0064,0.9936,0.6000,41.6870,0.3000,650,472.11,0.0414,0.1385,60,1159
0.4525,0.5475,1,1,0.5000,378.49,485.75,1.7372,3.4743,25,116
0.0025,0.9975,0.6000,41.6870,0.4000,650,409.29,0.0419,0.1038,60,1160
-0.0161,1.0161,0.6000,41.6870,0.5000,650,348.29,0.0412,0.0831,60,1161
4.5413e-05,1.0000,0.6000,41.6870,0.6000,649.98,289.76,0.0417,0.0692,17,1162
0.0084,0.9916,0.6000,41.6870,0.7000,649.83,236.49,0.0413,0.0594,60,1163
-0.0066,1.0066,0.6000,41.6870,0.8000,648.11,169.64,0.0413,0.0519,60,1164
0.0134,0.9866,0.6000,41.6870,0.9000,639.78,114.82,0.0419,0.0462,60,1165
0.0363,0.9637,0.6000,41.6870,1,620.97,78.482,0.0419,0.0412,60,1166
-3.5506e-05,1.0000,0.7000,41.6870,0.0100,650,644,0.0417,4.1565,60,1167
0.0012,0.9988,0.7000,41.6870,0.1000,650,590.06,0.0416,0.4157,60,1168
0.0033,0.9967,0.7000,41.6870,0.2000,650,530.52,0.0416,0.2078,60,1169
0.4678,0.5322,1,1,0.6000,369.25,458.34,1.7376,2.8953,60,117
1.3589e-05,1.0000,0.7000,41.6870,0.3000,650,469.88,0.0417,0.1386,60,1170
0.0022,0.9978,0.7000,41.6870,0.4000,650,410.16,0.0417,0.1040,60,1171
1.1284e-05,1.0000,0.7000,41.6870,0.5000,650,349.81,0.0417,0.0831,60,1172
9.0698e-05,0.9999,0.7000,41.6870,0.6000,649.95,289.81,0.0417,0.0693,60,1173
0.0116,0.9884,0.7000,41.6870,0.7000,649.62,230.46,0.0416,0.0589,60,1174
0.0046,0.9954,0.7000,41.6870,0.8000,647.27,171.96,0.0417,0.0519,16,1175
0.0207,0.9793,0.7000,41.6870,0.9000,639.08,120.87,0.0417,0.0465,60,1176
0.0508,0.9492,0.7000,41.6870,1,618.11,81.787,0.0416,0.0415,14,1177
-0.0035,1.0035,0.8000,41.6870,0.0100,650,643.93,0.0421,4.1586,60,1178
3.9107e-05,1.0000,0.8000,41.6870,0.1000,650,589.97,0.0417,0.4158,40,1179
0.4825,0.5175,1,1,0.7000,360.5,432.65,1.7371,2.4815,19,118
-0.0127,1.0127,0.8000,41.6870,0.2000,650,526.71,0.0421,0.2078,60,1180
-0.0029,1.0029,0.8000,41.6870,0.3000,650,467.77,0.0416,0.1384,60,1181
0.0041,0.9959,0.8000,41.6870,0.4000,650,411.34,0.0417,0.1041,60,1182
0.0082,0.9918,0.8000,41.6870,0.5000,649.99,357.47,0.0414,0.0834,60,1183
0.0075,0.9925,0.8000,41.6870,0.6000,649.88,294.47,0.0414,0.0693,60,1184
0.0016,0.9984,0.8000,41.6870,0.7000,649.04,230.46,0.0417,0.0594,17,1185
0.0136,0.9864,0.8000,41.6870,0.8000,645.06,171.91,0.0421,0.0516,60,1186
0.0250,0.9750,0.8000,41.6870,0.9000,635.06,123.28,0.0416,0.0461,14,1187
0.0582,0.9418,0.8000,41.6870,1,617.1,89.667,0.0414,0.0418,60,1188
-4.8526e-05,1.0000,0.9000,41.6870,0.0100,650,644,0.0417,4.1596,60,1189
0.4967,0.5033,1,1,0.8000,351.98,408.45,1.7370,2.1718,60,119
1.5863e-04,0.9998,0.9000,41.6870,0.1000,650,589.46,0.0420,0.4159,60,1190
3.3288e-05,1.0000,0.9000,41.6870,0.2000,650,529.92,0.0417,0.2080,60,1191
-0.0058,1.0058,0.9000,41.6870,0.3000,650,470.61,0.0413,0.1386,60,1192
-0.0026,1.0026,0.9000,41.6870,0.4000,650,407.99,0.0419,0.1039,60,1193
0.0082,0.9918,0.9000,41.6870,0.5000,649.96,355.26,0.0413,0.0834,60,1194
7.3061e-04,0.9993,0.9000,41.6870,0.6000,649.57,290.03,0.0417,0.0693,60,1195
0.0037,0.9963,0.9000,41.6870,0.7000,647.79,231.29,0.0417,0.0594,60,1196
0.0131,0.9869,0.9000,41.6870,0.8000,642.15,176.03,0.0417,0.0520,60,1197
0.0273,0.9727,0.9000,41.6870,0.9000,632.24,136.22,0.0411,0.0464,60,1198
0.0699,0.9301,0.9000,41.6870,1,607.17,92.703,0.0417,0.0416,60,1199
0.3693,0.6307,0.1000,1,0.0100,428.43,646.22,1.7373,172.9590,60,12
0.5106,0.4894,1,1,0.9000,343.65,385.63,1.7375,1.9300,60,120
-1.6629e-04,1.0002,1,41.6870,0.0100,650,644,0.0417,4.1672,60,1200
0.0050,0.9950,1,41.6870,0.1000,650,590.05,0.0419,0.4170,60,1201
0.0017,0.9983,1,41.6870,0.2000,650,529.35,0.0416,0.2079,60,1202
-0.0052,1.0052,1,41.6870,0.3000,650,469.58,0.0416,0.1390,60,1203
7.5027e-05,0.9999,1,41.6870,0.4000,649.97,410.02,0.0417,0.1042,60,1204
0.0023,0.9977,1,41.6870,0.5000,649.76,349.77,0.0416,0.0832,60,1205
0.0023,0.9977,1,41.6870,0.6000,648.61,290.83,0.0417,0.0695,60,1206
0.0062,0.9938,1,41.6870,0.7000,644.88,233.13,0.0415,0.0594,60,1207
0.0306,0.9694,1,41.6870,0.8000,637.39,185.49,0.0414,0.0516,60,1208
0.0491,0.9509,1,41.6870,0.9000,620.53,136.53,0.0417,0.0463,60,1209
0.5237,0.4763,1,1,1,335.68,364.24,1.7376,1.7372,60,121
0.0844,0.9156,1,41.6870,1,600.36,104.13,0.0416,0.0419,60,1210
-0.0084,1.0084,0,63.0960,0.0100,650,643.85,0.0280,2.7530,60,1211
-8.2116e-04,1.0008,0,63.0960,0.1000,650,589.95,0.0275,0.2753,17,1212
-0.0028,1.0028,0,63.0960,0.2000,650,529.39,0.0276,0.1375,60,1213
-1.4767e-04,1.0001,0,63.0960,0.3000,650,469.97,0.0275,0.0918,30,1214
-0.0062,1.0062,0,63.0960,0.4000,650,409.59,0.0274,0.0687,15,1215
-0.0119,1.0119,0,63.0960,0.5000,650,341.34,0.0280,0.0549,60,1216
-1.8090e-04,1.0002,0,63.0960,0.6000,650,289.93,0.0275,0.0459,17,1217
-0.0040,1.0040,0,63.0960,0.7000,650,226.56,0.0276,0.0394,60,1218
-5.0895e-05,1.0001,0,63.0960,0.8000,650,169.97,0.0275,0.0344,15,1219
0.2217,0.7783,0,1.5136,0.0100,516.92,645.33,1.1478,114.7588,60,122
-0.0128,1.0128,0,63.0960,0.9000,649.69,98.943,0.0274,0.0306,60,1220
0.0155,0.9845,0,63.0960,1,640.69,59.314,0.0274,0.0274,12,1221
-0.0035,1.0035,0.1000,63.0960,0.0100,650,644.01,0.0273,2.7327,60,1222
0.0010,0.9990,0.1000,63.0960,0.1000,650,589.99,0.0275,0.2734,60,1223
5.4422e-05,0.9999,0.1000,63.0960,0.2000,650,529.79,0.0275,0.1365,15,1224
0.0075,0.9925,0.1000,63.0960,0.3000,650,472.95,0.0272,0.0912,60,1225
-0.0063,1.0063,0.1000,63.0960,0.4000,650,406.13,0.0278,0.0683,60,1226
-0.0015,1.0015,0.1000,63.0960,0.5000,650,350.54,0.0274,0.0547,60,1227
-0.0206,1.0206,0.1000,63.0960,0.6000,650,281.85,0.0276,0.0456,60,1228
-4.0925e-05,1.0000,0.1000,63.0960,0.7000,650,228.94,0.0276,0.0390,60,1229
0.2364,0.7636,0,1.5136,0.1000,508.11,604.19,1.1475,11.4772,60,123
0.0043,0.9957,0.1000,63.0960,0.8000,650,175.61,0.0273,0.0341,60,1230
4.6335e-04,0.9995,0.1000,63.0960,0.9000,649.78,109.94,0.0275,0.0303,14,1231
0.0106,0.9894,0.1000,63.0960,1,639.32,60.632,0.0275,0.0273,13,1232
-7.4718e-05,1.0001,0.2000,63.0960,0.0100,650,643.99,0.0275,2.7387,27,1233
-0.0119,1.0119,0.2000,63.0960,0.1000,650,588.88,0.0277,0.2739,60,1234
5.0077e-05,0.9999,0.2000,63.0960,0.2000,650,529.85,0.0275,0.1368,15,1235
4.1032e-05,1.0000,0.2000,63.0960,0.3000,650,469.78,0.0275,0.0913,16,1236
-0.0031,1.0031,0.2000,63.0960,0.4000,650,411.12,0.0273,0.0685,60,1237
0.0078,0.9922,0.2000,63.0960,0.5000,650,349.88,0.0277,0.0548,60,1238
5.0127e-05,0.9999,0.2000,63.0960,0.6000,650,289.55,0.0275,0.0456,14,1239
0.2534,0.7466,0,1.5136,0.2000,497.89,560.41,1.1477,5.7386,60,124
0.0101,0.9899,0.2000,63.0960,0.7000,650,228.22,0.0279,0.0391,60,1240
-0.0134,1.0134,0.2000,63.0960,0.8000,649.99,173.79,0.0269,0.0342,60,1241
0.0012,0.9988,0.2000,63.0960,0.9000,649.28,110.36,0.0275,0.0304,19,1242
0.0190,0.9810,0.2000,63.0960,1,637.12,64.542,0.0274,0.0274,60,1243
0.0079,0.9921,0.3000,63.0960,0.0100,650,644.09,0.0273,2.7403,60,1244
4.5789e-05,1.0000,0.3000,63.0960,0.1000,650,589.95,0.0275,0.2740,17,1245
-0.0035,1.0035,0.3000,63.0960,0.2000,650,529.46,0.0275,0.1370,60,1246
-0.0161,1.0161,0.3000,63.0960,0.3000,650,465.9,0.0277,0.0913,60,1247
0.0164,0.9836,0.3000,63.0960,0.4000,650,418.55,0.0270,0.0685,60,1248
-0.0048,1.0048,0.3000,63.0960,0.5000,650,347.51,0.0276,0.0548,60,1249
0.2708,0.7292,0,1.5136,0.3000,487.59,518.76,1.1476,3.8256,60,125
0.0084,0.9916,0.3000,63.0960,0.6000,650,296.8,0.0272,0.0457,60,1250
-0.0011,1.0011,0.3000,63.0960,0.7000,650,229.96,0.0275,0.0391,60,1251
0.0141,0.9859,0.3000,63.0960,0.8000,649.95,175.62,0.0276,0.0343,60,1252
0.0032,0.9968,0.3000,63.0960,0.9000,648.12,111.42,0.0275,0.0304,14,1253
0.0169,0.9831,0.3000,63.0960,1,628.33,64.448,0.0274,0.0274,60,1254
-1.3159e-04,1.0001,0.4000,63.0960,0.0100,650,643.99,0.0275,2.7429,36,1255
-0.0012,1.0012,0.4000,63.0960,0.1000,650,591.52,0.0268,0.2743,60,1256
0.0038,0.9962,0.4000,63.0960,0.2000,650,531.92,0.0272,0.1371,60,1257
-0.0089,1.0089,0.4000,63.0960,0.3000,650,467.38,0.0277,0.0914,60,1258
1.5465e-05,1.0000,0.4000,63.0960,0.4000,650,409.79,0.0275,0.0686,25,1259
0.2882,0.7118,0,1.5136,0.4000,476.95,479.26,1.1472,2.8691,60,126
-0.0069,1.0069,0.4000,63.0960,0.5000,650,345.84,0.0277,0.0548,60,1260
-0.0024,1.0024,0.4000,63.0960,0.6000,650,288.61,0.0276,0.0456,60,1261
5.7126e-04,0.9994,0.4000,63.0960,0.7000,650,224.8,0.0279,0.0391,60,1262
3.0548e-04,0.9997,0.4000,63.0960,0.8000,649.86,169.75,0.0275,0.0342,14,1263
-0.0105,1.0105,0.4000,63.0960,0.9000,647.37,114.5,0.0270,0.0305,60,1264
0.0356,0.9644,0.4000,63.0960,1,632.91,72.867,0.0276,0.0275,60,1265
-0.0038,1.0038,0.5000,63.0960,0.0100,650,643.92,0.0278,2.7439,60,1266
5.4141e-05,0.9999,0.5000,63.0960,0.1000,650,589.96,0.0275,0.2744,60,1267
-0.0048,1.0048,0.5000,63.0960,0.2000,650,528.41,0.0277,0.1372,60,1268
2.4505e-05,1.0000,0.5000,63.0960,0.3000,650,469.86,0.0275,0.0915,50,1269
0.3063,0.6937,0,1.5136,0.5000,466.29,442.05,1.1470,2.2953,60,127
-0.0141,1.0141,0.5000,63.0960,0.4000,650,398.9,0.0284,0.0687,60,1270
-2.8513e-06,1.0000,0.5000,63.0960,0.5000,650,349.74,0.0275,0.0549,60,1271
2.1570e-05,1.0000,0.5000,63.0960,0.6000,650,289.69,0.0275,0.0457,16,1272
1.5501e-05,1.0000,0.5000,63.0960,0.7000,649.99,229.67,0.0275,0.0392,60,1273
-0.0022,1.0022,0.5000,63.0960,0.8000,649.77,175.97,0.0274,0.0344,60,1274
0.0079,0.9921,0.5000,63.0960,0.9000,644.54,100.96,0.0280,0.0304,60,1275
0.0305,0.9695,0.5000,63.0960,1,628.45,71.286,0.0279,0.0274,60,1276
0.0046,0.9954,0.6000,63.0960,0.0100,650,644,0.0277,2.7451,60,1277
-0.0061,1.0061,0.6000,63.0960,0.1000,650,588.57,0.0277,0.2743,60,1278
4.2872e-05,1.0000,0.6000,63.0960,0.2000,650,529.93,0.0275,0.1373,60,1279
0.3247,0.6753,0,1.5136,0.6000,455.21,406.88,1.1477,1.9128,23,128
1.6346e-05,1.0000,0.6000,63.0960,0.3000,650,469.88,0.0275,0.0915,60,1280
-0.0289,1.0289,0.6000,63.0960,0.4000,650,402.74,0.0276,0.0686,60,1281
-0.0033,1.0033,0.6000,63.0960,0.5000,650,336.26,0.0285,0.0549,60,1282
-0.0115,1.0115,0.6000,63.0960,0.6000,650,290.02,0.0272,0.0458,60,1283
-0.0029,1.0029,0.6000,63.0960,0.7000,649.98,229.35,0.0274,0.0390,60,1284
0.0059,0.9941,0.6000,63.0960,0.8000,649.79,180.78,0.0271,0.0343,60,1285
0.0069,0.9931,0.6000,63.0960,0.9000,645.83,113.55,0.0275,0.0305,60,1286
0.0339,0.9661,0.6000,63.0960,1,627.98,71.959,0.0275,0.0275,32,1287
-0.0101,1.0101,0.7000,63.0960,0.0100,650,643.93,0.0276,2.7462,60,1288
6.8857e-05,0.9999,0.7000,63.0960,0.1000,650,589.97,0.0275,0.2746,60,1289
0.3429,0.6571,0,1.5136,0.7000,444.14,374.06,1.1477,1.6397,60,129
-0.0128,1.0128,0.7000,63.0960,0.2000,650,526.87,0.0279,0.1375,60,1290
-0.0077,1.0077,0.7000,63.0960,0.3000,650,466.5,0.0278,0.0915,60,1291
2.3377e-05,1.0000,0.7000,63.0960,0.4000,650,409.84,0.0275,0.0687,60,1292
1.0116e-05,1.0000,0.7000,63.0960,0.5000,650,349.8,0.0275,0.0549,26,1293
1.6677e-05,1.0000,0.7000,63.0960,0.6000,650,289.77,0.0275,0.0458,60,1294
0.0014,0.9986,0.7000,63.0960,0.7000,649.97,229.76,0.0272,0.0391,60,1295
0.0010,0.9990,0.7000,63.0960,0.8000,649.37,170.26,0.0275,0.0343,60,1296
-9.7468e-04,1.0010,0.7000,63.0960,0.9000,644.45,112.32,0.0271,0.0305,60,1297
0.0368,0.9632,0.7000,63.0960,1,627.65,75.647,0.0277,0.0275,60,1298
-0.0128,1.0128,0.8000,63.0960,0.0100,650,643.83,0.0279,2.7474,60,1299
0.3816,0.6184,0.1000,1,0.1000,421.06,612.89,1.7372,17.2969,36,13
0.3609,0.6391,0,1.5136,0.8000,433.15,343.44,1.1471,1.4343,60,130
6.1454e-05,0.9999,0.8000,63.0960,0.2000,650,529.94,0.0275,0.1374,60,1301
4.0364e-05,1.0000,0.8000,63.0960,0.3000,650,469.9,0.0275,0.0916,19,1302
3.4856e-05,1.0000,0.8000,63.0960,0.4000,650,409.87,0.0275,0.0687,20,1303
0.0075,0.9925,0.8000,63.0960,0.5000,650,358.15,0.0275,0.0553,60,1304
-0.0092,1.0092,0.8000,63.0960,0.6000,649.99,285.78,0.0275,0.0458,60,1305
-0.0027,1.0027,0.8000,63.0960,0.7000,649.84,227.25,0.0278,0.0393,60,1306
0.0022,0.9978,0.8000,63.0960,0.8000,648.69,170.82,0.0275,0.0343,60,1307
0.0374,0.9626,0.8000,63.0960,1,618.54,73.702,0.0280,0.0274,60,1309
0.3795,0.6205,0,1.5136,0.9000,422.29,315.12,1.1475,1.2757,60,131
-6.0421e-05,1.0001,0.9000,63.0960,0.0100,650,644,0.0275,2.7482,60,1310
-0.0105,1.0105,0.9000,63.0960,0.1000,650,589.17,0.0277,0.2749,60,1311
4.1161e-05,1.0000,0.9000,63.0960,0.2000,650,529.92,0.0275,0.1374,60,1312
0.0046,0.9954,0.9000,63.0960,0.3000,650,466.09,0.0281,0.0914,60,1313
0.0068,0.9932,0.9000,63.0960,0.4000,650,413.24,0.0273,0.0687,60,1314
-0.0182,1.0182,0.9000,63.0960,0.5000,650,334.39,0.0286,0.0551,60,1315
0.0106,0.9894,0.9000,63.0960,0.6000,649.95,286.9,0.0279,0.0459,60,1316
0.0015,0.9985,0.9000,63.0960,0.7000,649.51,227.7,0.0278,0.0394,60,1317
0.0110,0.9890,0.9000,63.0960,0.8000,647.65,183.97,0.0273,0.0344,60,1318
0.0204,0.9796,0.9000,63.0960,0.9000,637.75,120.79,0.0275,0.0305,60,1319
0.3978,0.6022,0,1.5136,1,411.29,288.64,1.1476,1.1475,60,132
0.0412,0.9588,0.9000,63.0960,1,617.2,83.831,0.0281,0.0274,60,1320
0.0030,0.9970,1,63.0960,0.0100,650,644.04,0.0274,2.7532,60,1321
0.0054,0.9946,1,63.0960,0.1000,650,590.59,0.0274,0.2754,60,1322
2.9335e-04,0.9997,1,63.0960,0.2000,650,531.2,0.0274,0.1380,60,1323
5.7996e-05,0.9999,1,63.0960,0.3000,650,470.01,0.0275,0.0918,60,1324
-0.0070,1.0070,1,63.0960,0.4000,650,400.28,0.0284,0.0688,60,1325
7.8142e-05,0.9999,1,63.0960,0.5000,649.98,350.02,0.0275,0.0551,60,1326
5.0954e-04,0.9995,1,63.0960,0.6000,649.72,290.18,0.0275,0.0459,60,1327
-0.0030,1.0030,1,63.0960,0.7000,648.58,239.62,0.0268,0.0392,60,1328
0.0121,0.9879,1,63.0960,0.8000,642.72,175.83,0.0275,0.0344,60,1329
0.2219,0.7781,0.1000,1.5136,0.0100,516.97,645.33,1.1478,114.2961,60,133
0.0337,0.9663,1,63.0960,0.9000,629.77,128.21,0.0275,0.0306,60,1330
0.0710,0.9290,1,63.0960,1,607.43,92.59,0.0275,0.0275,60,1331
0.2369,0.7631,0.1000,1.5136,0.1000,508.01,604.21,1.1476,11.4298,60,134
0.2539,0.7461,0.1000,1.5136,0.2000,497.65,560.47,1.1476,5.7149,60,135
0.2715,0.7285,0.1000,1.5136,0.3000,487.12,518.85,1.1477,3.8073,33,136
0.2892,0.7108,0.1000,1.5136,0.4000,476.48,479.47,1.1472,2.8569,60,137
0.3076,0.6924,0.1000,1.5136,0.5000,465.63,442.26,1.1477,2.2855,60,138
0.3256,0.6744,0.1000,1.5136,0.6000,454.54,407.28,1.1474,1.9047,60,139
0.3951,0.6049,0.1000,1,0.2000,412.86,577.43,1.7369,8.6488,60,14
0.3443,0.6557,0.1000,1.5136,0.7000,443.42,374.52,1.1481,1.6326,60,140
0.3626,0.6374,0.1000,1.5136,0.8000,432.43,344.05,1.1477,1.4285,30,141
0.3810,0.6190,0.1000,1.5136,0.9000,421.41,315.72,1.1477,1.2698,31,142
0.3966,0.6034,0.1000,1.5136,1,410.48,289.51,1.1481,1.1428,60,143
0.2218,0.7782,0.2000,1.5136,0.0100,516.91,645.33,1.1477,114.4360,60,144
0.2374,0.7626,0.2000,1.5136,0.1000,507.65,604.25,1.1474,11.4436,60,145
0.2549,0.7451,0.2000,1.5136,0.2000,496.87,560.6,1.1475,5.7218,60,146
0.2732,0.7268,0.2000,1.5136,0.3000,485.98,519.13,1.1480,3.8145,60,147
0.2915,0.7085,0.2000,1.5136,0.4000,475.12,479.97,1.1476,2.8609,60,148
0.3100,0.6900,0.2000,1.5136,0.5000,463.97,443,1.1477,2.2833,28,149
0.4089,0.5911,0.1000,1,0.3000,404.69,543.59,1.7373,5.7658,60,15
0.3289,0.6711,0.2000,1.5136,0.6000,452.79,408.3,1.1480,1.9028,33,150
0.3473,0.6527,0.2000,1.5136,0.7000,441.61,375.88,1.1476,1.6348,60,151
0.3658,0.6342,0.2000,1.5136,0.8000,430.55,345.68,1.1473,1.4304,60,152
0.3844,0.6156,0.2000,1.5136,0.9000,419.35,317.57,1.1477,1.2685,20,153
0.4010,0.5990,0.2000,1.5136,1,408.4,291.65,1.1477,1.1444,60,154
0.2218,0.7782,0.3000,1.5136,0.0100,516.79,645.33,1.1478,114.4702,60,155
0.2383,0.7617,0.3000,1.5136,0.1000,507.05,604.29,1.1477,11.4472,60,156
0.2569,0.7431,0.3000,1.5136,0.2000,495.92,560.79,1.1481,5.7235,60,157
0.2754,0.7246,0.3000,1.5136,0.3000,484.83,519.62,1.1472,3.8157,60,158
0.2945,0.7055,0.3000,1.5136,0.4000,473.34,480.64,1.1479,2.8618,60,159
0.4224,0.5776,0.1000,1,0.4000,396.5,511.36,1.7375,4.3244,60,16
0.3134,0.6866,0.3000,1.5136,0.5000,461.96,444,1.1477,2.2847,27,160
0.3324,0.6676,0.3000,1.5136,0.6000,450.55,409.66,1.1477,1.9039,27,161
0.3516,0.6484,0.3000,1.5136,0.7000,439.16,377.56,1.1480,1.6319,39,162
0.3702,0.6298,0.3000,1.5136,0.8000,427.87,347.69,1.1477,1.4279,20,163
0.3888,0.6112,0.3000,1.5136,0.9000,416.62,319.93,1.1477,1.2714,60,164
0.4044,0.5956,0.3000,1.5136,1,405.68,294.32,1.1477,1.1423,19,165
0.2222,0.7778,0.4000,1.5136,0.0100,516.76,645.33,1.1484,114.5334,60,166
0.2392,0.7608,0.4000,1.5136,0.1000,506.56,604.35,1.1478,11.4531,60,167
0.2582,0.7418,0.4000,1.5136,0.2000,495.11,561.02,1.1471,5.7267,60,168
0.2777,0.7223,0.4000,1.5136,0.3000,483.36,519.97,1.1477,3.8114,30,169
0.4359,0.5641,0.1000,1,0.5000,388.51,480.76,1.7375,3.4596,60,17
0.2970,0.7030,0.4000,1.5136,0.4000,471.81,481.37,1.1471,2.8631,60,170
0.3166,0.6834,0.4000,1.5136,0.5000,460.02,444.97,1.1477,2.2869,27,171
0.3360,0.6640,0.4000,1.5136,0.6000,448.4,410.94,1.1477,1.9056,20,172
0.3552,0.6448,0.4000,1.5136,0.7000,436.88,379.17,1.1477,1.6334,19,173
0.3743,0.6257,0.4000,1.5136,0.8000,425.38,349.57,1.1480,1.4316,60,174
0.3929,0.6071,0.4000,1.5136,0.9000,414.24,322.17,1.1477,1.2704,19,175
0.4101,0.5899,0.4000,1.5136,1,403.21,296.81,1.1477,1.1452,60,176
0.2219,0.7781,0.5000,1.5136,0.0100,516.71,645.33,1.1476,114.5515,60,177
0.2403,0.7597,0.5000,1.5136,0.1000,506.13,604.4,1.1480,11.4551,60,178
0.2599,0.7401,0.5000,1.5136,0.2000,493.97,561.16,1.1479,5.7277,60,179
0.4490,0.5510,0.1000,1,0.6000,380.58,451.74,1.7366,2.8832,60,18
0.2798,0.7202,0.5000,1.5136,0.3000,482.11,520.4,1.1473,3.8184,60,180
0.2998,0.7002,0.5000,1.5136,0.4000,470.09,481.94,1.1477,2.8596,30,181
0.3198,0.6802,0.5000,1.5136,0.5000,458.17,445.9,1.1478,2.2908,60,182
0.3392,0.6608,0.5000,1.5136,0.6000,446.48,412.21,1.1472,1.9093,60,183
0.3588,0.6412,0.5000,1.5136,0.7000,434.72,380.67,1.1477,1.6340,20,184
0.3778,0.6222,0.5000,1.5136,0.8000,423.31,351.45,1.1474,1.4325,60,185
0.3968,0.6032,0.5000,1.5136,0.9000,411.95,324.22,1.1477,1.2709,38,186
0.4141,0.5859,0.5000,1.5136,1,400.83,299.03,1.1481,1.1458,60,187
0.2222,0.7778,0.6000,1.5136,0.0100,516.69,645.33,1.1477,114.5761,60,188
0.2407,0.7593,0.6000,1.5136,0.1000,505.37,604.43,1.1480,11.4576,60,189
0.4623,0.5377,0.1000,1,0.7000,372.6,424.19,1.7370,2.4711,60,19
0.2617,0.7383,0.6000,1.5136,0.2000,493.05,561.37,1.1480,5.7286,60,190
0.2822,0.7178,0.6000,1.5136,0.3000,480.74,520.79,1.1477,3.8195,60,191
0.3026,0.6974,0.6000,1.5136,0.4000,468.42,482.6,1.1477,2.8608,28,192
0.3227,0.6773,0.6000,1.5136,0.5000,456.27,446.88,1.1473,2.2914,60,193
0.3429,0.6571,0.6000,1.5136,0.6000,444.27,413.41,1.1477,1.9072,27,194
0.3625,0.6375,0.6000,1.5136,0.7000,432.44,382.23,1.1478,1.6368,60,195
0.3817,0.6183,0.6000,1.5136,0.8000,420.99,353.32,1.1472,1.4322,60,196
0.4007,0.5993,0.6000,1.5136,0.9000,409.61,326.38,1.1476,1.2715,33,197
0.4182,0.5818,0.6000,1.5136,1,398.58,301.51,1.1476,1.1457,60,198
0.2222,0.7778,0.7000,1.5136,0.0100,516.64,645.33,1.1476,114.6020,60,199
0.3816,0.6184,0,1,0.1000,421.19,612.89,1.7375,17.3720,60,2
0.4754,0.5246,0.1000,1,0.8000,364.72,398.16,1.7373,2.1622,60,20
0.2418,0.7582,0.7000,1.5136,0.1000,504.97,604.51,1.1475,11.4602,60,200
0.2632,0.7368,0.7000,1.5136,0.2000,491.97,561.58,1.1476,5.7301,60,201
0.2846,0.7154,0.7000,1.5136,0.3000,479.23,521.2,1.1477,3.8160,34,202
0.3056,0.6944,0.7000,1.5136,0.4000,466.61,483.32,1.1477,2.8619,20,203
0.3263,0.6737,0.7000,1.5136,0.5000,454.19,447.87,1.1477,2.2894,19,204
0.3467,0.6533,0.7000,1.5136,0.6000,442,414.76,1.1477,1.9079,19,205
0.3666,0.6334,0.7000,1.5136,0.7000,430.06,383.92,1.1476,1.6352,18,206
0.3860,0.6140,0.7000,1.5136,0.8000,418.52,355.35,1.1474,1.4329,60,207
0.4051,0.5949,0.7000,1.5136,0.9000,406.84,328.6,1.1481,1.2727,60,208
0.4227,0.5773,0.7000,1.5136,1,395.9,304.09,1.1479,1.1461,60,209
0.4882,0.5118,0.1000,1,0.9000,357.09,373.64,1.7373,1.9221,60,21
0.2224,0.7776,0.8000,1.5136,0.0100,516.56,645.33,1.1477,114.5275,38,210
0.2428,0.7572,0.8000,1.5136,0.1000,504.31,604.56,1.1477,11.4631,56,211
0.2652,0.7348,0.8000,1.5136,0.2000,490.87,561.81,1.1477,5.7264,39,212
0.2873,0.7127,0.8000,1.5136,0.3000,477.64,521.68,1.1477,3.8176,29,213
0.3088,0.6912,0.8000,1.5136,0.4000,464.68,484.11,1.1475,2.8632,33,214
0.3301,0.6699,0.8000,1.5136,0.5000,451.96,448.98,1.1477,2.2906,33,215
0.3508,0.6492,0.8000,1.5136,0.6000,439.46,416.19,1.1481,1.9103,60,216
0.3709,0.6291,0.8000,1.5136,0.7000,427.45,385.74,1.1477,1.6360,19,217
0.3903,0.6097,0.8000,1.5136,0.8000,415.64,357.46,1.1471,1.4328,60,218
0.4096,0.5904,0.8000,1.5136,0.9000,404.24,331.14,1.1475,1.2723,17,219
0.4987,0.5013,0.1000,1,1,349.51,350.52,1.7372,1.7299,60,22
0.4274,0.5726,0.8000,1.5136,1,393.07,306.84,1.1477,1.1462,60,220
0.2225,0.7775,0.9000,1.5136,0.0100,516.49,645.33,1.1477,114.5912,60,221
0.2441,0.7559,0.9000,1.5136,0.1000,503.69,604.64,1.1477,11.4592,60,222
0.2673,0.7327,0.9000,1.5136,0.2000,489.59,562.04,1.1481,5.7295,60,223
0.2903,0.7097,0.9000,1.5136,0.3000,476.05,522.21,1.1478,3.8194,60,224
0.3123,0.6877,0.9000,1.5136,0.4000,462.66,484.94,1.1477,2.8646,60,225
0.3340,0.6660,0.9000,1.5136,0.5000,449.63,450.16,1.1477,2.2916,26,226
0.3551,0.6449,0.9000,1.5136,0.6000,436.96,417.76,1.1480,1.9097,60,227
0.3755,0.6245,0.9000,1.5136,0.7000,424.76,387.7,1.1476,1.6369,60,228
0.3952,0.6048,0.9000,1.5136,0.8000,412.92,359.8,1.1472,1.4325,60,229
0.3693,0.6307,0.2000,1,0.0100,428.39,646.22,1.7372,173.2106,60,23
0.4146,0.5854,0.9000,1.5136,0.9000,401.33,333.82,1.1477,1.2727,60,230
0.4319,0.5681,0.9000,1.5136,1,390.21,309.74,1.1471,1.1451,17,231
0.2227,0.7773,1,1.5136,0.0100,516.45,645.34,1.1477,114.7711,60,232
0.2450,0.7550,1,1.5136,0.1000,502.99,604.7,1.1477,11.4771,25,233
0.2693,0.7307,1,1.5136,0.2000,488.44,562.31,1.1477,5.7386,60,234
0.2928,0.7072,1,1.5136,0.3000,474.3,522.71,1.1477,3.8257,31,235
0.3158,0.6842,1,1.5136,0.4000,460.54,485.74,1.1478,2.8689,60,236
0.3379,0.6621,1,1.5136,0.5000,447.28,451.36,1.1477,2.2954,25,237
0.3594,0.6406,1,1.5136,0.6000,434.35,419.32,1.1479,1.9127,60,238
0.3800,0.6200,1,1.5136,0.7000,422.04,389.71,1.1475,1.6396,60,239
0.3819,0.6181,0.2000,1,0.1000,420.87,612.92,1.7371,17.3211,60,24
0.4002,0.5998,1,1.5136,0.8000,409.95,362.04,1.1478,1.4347,60,240
0.4195,0.5805,1,1.5136,0.9000,398.25,336.41,1.1480,1.2750,60,241
0.4380,0.5620,1,1.5136,1,387.17,312.81,1.1476,1.1476,60,242
0.1026,0.8974,0,2.2909,0.0100,588.4,644.62,0.7585,75.8402,60,243
0.1159,0.8841,0,2.2909,0.1000,580.41,596.95,0.7583,7.5831,60,244
0.1322,0.8678,0,2.2909,0.2000,570.67,545.87,0.7583,3.7915,27,245
0.1499,0.8501,0,2.2909,0.3000,560.19,497.06,0.7581,2.5279,60,246
0.1689,0.8311,0,2.2909,0.4000,548.62,450.45,0.7585,1.8956,60,247
0.1891,0.8109,0,2.2909,0.5000,536.53,406.73,0.7583,1.5166,25,248
0.2107,0.7893,0,2.2909,0.6000,523.74,365.79,0.7583,1.2637,60,249
0.3959,0.6041,0.2000,1,0.2000,412.48,577.52,1.7370,8.6605,60,25
0.2328,0.7672,0,2.2909,0.7000,510.44,327.97,0.7579,1.0836,60,250
0.2560,0.7440,0,2.2909,0.8000,496.39,292.89,0.7583,0.9478,20,251
0.2797,0.7203,0,2.2909,0.9000,482.28,261.11,0.7579,0.8424,60,252
0.3035,0.6965,0,2.2909,1,467.42,232.16,0.7581,0.7580,60,253
0.1025,0.8975,0.1000,2.2909,0.0100,588.49,644.62,0.7579,75.5163,60,254
0.1163,0.8837,0.1000,2.2909,0.1000,580.23,596.96,0.7583,7.5264,31,255
0.1328,0.8672,0.1000,2.2909,0.2000,570.32,545.93,0.7583,3.7758,60,256
0.1509,0.8491,0.1000,2.2909,0.3000,559.7,497.23,0.7579,2.5173,60,257
0.1703,0.8297,0.1000,2.2909,0.4000,548.04,450.84,0.7583,1.8879,60,258
0.1906,0.8094,0.1000,2.2909,0.5000,535.66,407.13,0.7583,1.5052,26,259
0.4098,0.5902,0.2000,1,0.3000,404.03,543.76,1.7372,5.7737,60,26
0.2122,0.7878,0.1000,2.2909,0.6000,522.56,366.24,0.7585,1.2580,60,260
0.2348,0.7652,0.1000,2.2909,0.7000,509.36,328.68,0.7582,1.0788,60,261
0.2578,0.7422,0.1000,2.2909,0.8000,495.34,293.84,0.7578,0.9436,60,262
0.2818,0.7182,0.1000,2.2909,0.9000,480.94,262.14,0.7583,0.8389,28,263
0.3007,0.6993,0.1000,2.2909,1,466.46,233.51,0.7583,0.7526,20,264
0.1028,0.8972,0.2000,2.2909,0.0100,588.33,644.61,0.7586,75.6075,60,265
0.1173,0.8827,0.2000,2.2909,0.1000,579.81,597.03,0.7583,7.5608,60,266
0.1351,0.8649,0.2000,2.2909,0.2000,569.33,546.09,0.7591,3.7804,60,267
0.1531,0.8469,0.2000,2.2909,0.3000,558.23,497.61,0.7579,2.5203,60,268
0.1731,0.8269,0.2000,2.2909,0.4000,546.13,451.5,0.7583,1.8857,26,269
0.4237,0.5763,0.2000,1,0.4000,395.8,511.68,1.7372,4.3201,31,27
0.1942,0.8058,0.2000,2.2909,0.5000,533.45,408.23,0.7583,1.5086,25,270
0.2163,0.7837,0.2000,2.2909,0.6000,519.94,367.68,0.7588,1.2601,60,271
0.2393,0.7607,0.2000,2.2909,0.7000,506.43,330.46,0.7583,1.0775,20,272
0.2629,0.7371,0.2000,2.2909,0.8000,492.36,296.19,0.7583,0.9450,60,273
0.2870,0.7130,0.2000,2.2909,0.9000,477.84,264.76,0.7587,0.8400,60,274
0.3073,0.6927,0.2000,2.2909,1,463.44,236.53,0.7583,0.7543,19,275
0.1028,0.8972,0.3000,2.2909,0.0100,588.32,644.62,0.7582,75.6305,60,276
0.1182,0.8818,0.3000,2.2909,0.1000,579.1,597.07,0.7583,7.5475,30,277
0.1367,0.8633,0.3000,2.2909,0.2000,568.12,546.4,0.7582,3.7815,60,278
0.1561,0.8439,0.3000,2.2909,0.3000,556.16,498.07,0.7583,2.5210,60,279
0.4374,0.5626,0.2000,1,0.5000,387.59,481.2,1.7373,3.4642,60,28
0.1773,0.8227,0.3000,2.2909,0.4000,543.68,452.47,0.7585,1.8907,60,280
0.1992,0.8008,0.3000,2.2909,0.5000,530.6,409.7,0.7584,1.5127,60,281
0.2214,0.7786,0.3000,2.2909,0.6000,516.97,369.85,0.7579,1.2606,60,282
0.2453,0.7547,0.3000,2.2909,0.7000,503.04,333.03,0.7582,1.0804,60,283
0.2691,0.7309,0.3000,2.2909,0.8000,488.49,299.05,0.7586,0.9458,60,284
0.2930,0.7070,0.3000,2.2909,0.9000,474.08,268.22,0.7583,0.8403,60,285
0.3152,0.6848,0.3000,2.2909,1,459.34,240.18,0.7589,0.7562,60,286
0.1028,0.8972,0.4000,2.2909,0.0100,588.17,644.61,0.7587,75.6645,60,287
0.1194,0.8806,0.4000,2.2909,0.1000,578.4,597.13,0.7586,7.5666,60,288
0.1388,0.8612,0.4000,2.2909,0.2000,566.74,546.62,0.7583,3.7773,32,289
0.4509,0.5491,0.2000,1,0.6000,379.47,452.3,1.7372,2.8868,60,29
0.1591,0.8409,0.4000,2.2909,0.3000,554.24,498.64,0.7582,2.5223,60,290
0.1810,0.8190,0.4000,2.2909,0.4000,541.34,453.46,0.7581,1.8913,60,291
0.2037,0.7963,0.4000,2.2909,0.5000,527.77,411.08,0.7583,1.5109,40,292
0.2271,0.7729,0.4000,2.2909,0.6000,513.87,371.74,0.7583,1.2611,60,293
0.2507,0.7493,0.4000,2.2909,0.7000,499.55,335.27,0.7582,1.0791,18,294
0.2748,0.7252,0.4000,2.2909,0.8000,485.11,301.87,0.7582,0.9442,18,295
0.2990,0.7010,0.4000,2.2909,0.9000,470.56,271.38,0.7583,0.8393,20,296
0.3216,0.6784,0.4000,2.2909,1,456.12,243.87,0.7583,0.7566,60,297
0.1031,0.8969,0.5000,2.2909,0.0100,588.17,644.62,0.7585,75.6833,60,298
0.1205,0.8795,0.5000,2.2909,0.1000,577.73,597.21,0.7583,7.5573,33,299
0.3949,0.6051,0,1,0.2000,413.01,577.39,1.7372,8.6858,60,3
0.4642,0.5358,0.2000,1,0.7000,371.44,424.95,1.7374,2.4744,60,30
0.1408,0.8592,0.5000,2.2909,0.2000,565.36,546.88,0.7582,3.7841,60,300
0.1623,0.8377,0.5000,2.2909,0.3000,552.29,499.12,0.7587,2.5230,60,301
0.1851,0.8149,0.5000,2.2909,0.4000,539.02,454.4,0.7582,1.8894,34,302
0.2084,0.7916,0.5000,2.2909,0.5000,525.12,412.52,0.7582,1.5137,60,303
0.2314,0.7686,0.5000,2.2909,0.6000,510.86,373.58,0.7574,1.2614,60,304
0.2561,0.7439,0.5000,2.2909,0.7000,496.35,337.5,0.7582,1.0795,18,305
0.2803,0.7197,0.5000,2.2909,0.8000,481.82,304.49,0.7581,0.9445,17,306
0.3049,0.6951,0.5000,2.2909,0.9000,467.19,274.36,0.7588,0.8408,60,307
0.3263,0.6737,0.5000,2.2909,1,452.85,247.11,0.7581,0.7556,17,308
0.1032,0.8968,0.6000,2.2909,0.0100,588.11,644.62,0.7582,75.7003,60,309
0.4773,0.5227,0.2000,1,0.8000,363.58,399.11,1.7372,2.1651,60,31
0.1217,0.8783,0.6000,2.2909,0.1000,576.98,597.28,0.7583,7.5606,29,310
0.1434,0.8566,0.6000,2.2909,0.2000,563.99,547.17,0.7583,3.7803,31,311
0.1659,0.8341,0.6000,2.2909,0.3000,550.43,499.84,0.7582,2.5233,60,312
0.1892,0.8108,0.6000,2.2909,0.4000,536.46,455.36,0.7583,1.8900,19,313
0.2136,0.7864,0.6000,2.2909,0.5000,522.3,414.03,0.7584,1.5139,60,314
0.2369,0.7631,0.6000,2.2909,0.6000,507.71,375.58,0.7577,1.2620,60,315
0.2617,0.7383,0.6000,2.2909,0.7000,493.03,339.93,0.7582,1.0813,60,316
0.2864,0.7136,0.6000,2.2909,0.8000,478.34,307.38,0.7585,0.9460,60,317
0.3105,0.6895,0.6000,2.2909,0.9000,463.82,277.69,0.7584,0.8413,60,318
0.3330,0.6670,0.6000,2.2909,1,449.32,250.55,0.7576,0.7568,60,319
0.4904,0.5096,0.2000,1,0.9000,355.6,374.66,1.7382,1.9246,60,32
0.1033,0.8967,0.7000,2.2909,0.0100,588.01,644.62,0.7583,75.6363,38,320
0.1231,0.8769,0.7000,2.2909,0.1000,576.15,597.36,0.7583,7.5636,32,321
0.1459,0.8541,0.7000,2.2909,0.2000,562.53,547.55,0.7579,3.7859,60,322
0.1696,0.8304,0.7000,2.2909,0.3000,548.24,500.48,0.7583,2.5212,27,323
0.1938,0.8062,0.7000,2.2909,0.4000,533.72,456.46,0.7583,1.8909,26,324
0.2184,0.7816,0.7000,2.2909,0.5000,518.99,415.45,0.7583,1.5127,40,325
0.2431,0.7569,0.7000,2.2909,0.6000,504.15,377.45,0.7583,1.2606,31,326
0.2680,0.7320,0.7000,2.2909,0.7000,489.28,342.36,0.7587,1.0816,60,327
0.2926,0.7074,0.7000,2.2909,0.8000,474.67,310.39,0.7583,0.9465,60,328
0.3170,0.6830,0.7000,2.2909,0.9000,459.99,281.02,0.7585,0.8411,60,329
0.5003,0.4997,0.2000,1,1,348.22,351.79,1.7372,1.7280,29,33
0.3391,0.6609,0.7000,2.2909,1,445.68,254.35,0.7582,0.7565,31,330
0.1033,0.8967,0.8000,2.2909,0.0100,587.86,644.62,0.7585,75.7366,60,331
0.1242,0.8758,0.8000,2.2909,0.1000,575.13,597.43,0.7584,7.5737,60,332
0.1492,0.8508,0.8000,2.2909,0.2000,560.68,547.83,0.7588,3.7868,60,333
0.1735,0.8265,0.8000,2.2909,0.3000,545.91,501.24,0.7581,2.5246,60,334
0.1987,0.8013,0.8000,2.2909,0.4000,530.78,457.63,0.7582,1.8915,18,335
0.2237,0.7763,0.8000,2.2909,0.5000,515.6,417.2,0.7579,1.5148,60,336
0.2490,0.7510,0.8000,2.2909,0.6000,500.43,379.75,0.7580,1.2624,60,337
0.2746,0.7254,0.8000,2.2909,0.7000,484.97,344.89,0.7592,1.0819,60,338
0.2991,0.7009,0.8000,2.2909,0.8000,470.57,313.58,0.7581,0.9467,60,339
0.3694,0.6306,0.3000,1,0.0100,428.36,646.22,1.7374,173.2621,60,34
0.3234,0.6766,0.8000,2.2909,0.9000,456.05,284.82,0.7578,0.8415,60,340
0.3466,0.6534,0.8000,2.2909,1,441.98,258.82,0.7581,0.7573,60,341
0.1039,0.8961,0.9000,2.2909,0.0100,587.76,644.62,0.7587,75.7507,60,342
0.1264,0.8736,0.9000,2.2909,0.1000,574.26,597.56,0.7584,7.5750,60,343
0.1521,0.8479,0.9000,2.2909,0.2000,558.86,548.2,0.7586,3.7876,60,344
0.1779,0.8221,0.9000,2.2909,0.3000,543.28,501.96,0.7583,2.5230,25,345
0.2039,0.7961,0.9000,2.2909,0.4000,527.67,458.97,0.7580,1.8941,60,346
0.2296,0.7704,0.9000,2.2909,0.5000,512.05,419.03,0.7576,1.5150,60,347
0.2557,0.7443,0.9000,2.2909,0.6000,496.48,382.07,0.7581,1.2626,60,348
0.2813,0.7187,0.9000,2.2909,0.7000,481.49,348.46,0.7579,1.0825,60,349
0.3824,0.6176,0.3000,1,0.1000,420.46,612.94,1.7373,17.3262,60,35
0.3060,0.6940,0.9000,2.2909,0.8000,466.19,317.06,0.7579,0.9468,60,350
0.3309,0.6691,0.9000,2.2909,0.9000,451.45,288.42,0.7582,0.8416,60,351
0.3536,0.6464,0.9000,2.2909,1,437.38,262.8,0.7578,0.7567,18,352
0.1038,0.8962,1,2.2909,0.0100,587.7,644.62,0.7583,75.8294,60,353
0.1280,0.8720,1,2.2909,0.1000,573.22,597.68,0.7583,7.5829,60,354
0.1551,0.8449,1,2.2909,0.2000,556.95,548.61,0.7583,3.7915,28,355
0.1823,0.8177,1,2.2909,0.3000,540.62,502.81,0.7583,2.5276,35,356
0.2091,0.7909,1,2.2909,0.4000,524.5,460.34,0.7576,1.8955,60,357
0.2362,0.7638,1,2.2909,0.5000,508.29,420.85,0.7581,1.5163,17,358
0.2626,0.7374,1,2.2909,0.6000,492.45,384.53,0.7581,1.2636,17,359
0.3969,0.6031,0.3000,1,0.2000,411.87,577.63,1.7372,8.6454,31,36
0.2884,0.7116,1,2.2909,0.7000,476.95,351.13,0.7580,1.0828,16,360
0.3140,0.6860,1,2.2909,0.8000,461.66,320.45,0.7588,0.9480,60,361
0.3383,0.6617,1,2.2909,0.9000,447.14,292.77,0.7583,0.8431,60,362
0.3620,0.6380,1,2.2909,1,432.78,267.2,0.7580,0.7580,17,363
0.0322,0.9678,0,3.4674,0.0100,630.86,644.2,0.5006,50.0928,60,364
0.0394,0.9606,0,3.4674,0.1000,626.05,592.4,0.5007,5.0097,60,365
0.0506,0.9494,0,3.4674,0.2000,619.67,536.07,0.5010,2.5049,60,366
0.0634,0.9366,0,3.4674,0.3000,611.88,481.36,0.5012,1.6702,60,367
0.0789,0.9211,0,3.4674,0.4000,602.53,428.78,0.5014,1.2529,60,368
0.0969,0.9031,0,3.4674,0.5000,591.88,379.06,0.5010,1.0020,25,369
0.4111,0.5889,0.3000,1,0.3000,403.33,544.02,1.7368,5.7754,60,37
0.1176,0.8824,0,3.4674,0.6000,579.55,332.34,0.5010,0.8348,60,370
0.1411,0.8589,0,3.4674,0.7000,565.69,289.38,0.5009,0.7158,60,371
0.1672,0.8328,0,3.4674,0.8000,549.91,249.71,0.5012,0.6259,60,372
0.1949,0.8051,0,3.4674,0.9000,533.36,214.94,0.5011,0.5567,60,373
0.2238,0.7762,0,3.4674,1,515.7,184.3,0.5010,0.5010,19,374
0.0324,0.9676,0.1000,3.4674,0.0100,630.76,644.19,0.5015,49.8933,60,375
0.0401,0.9599,0.1000,3.4674,0.1000,625.92,592.38,0.5010,4.9727,29,376
0.0512,0.9488,0.1000,3.4674,0.2000,619.29,536.1,0.5011,2.4947,60,377
0.0644,0.9356,0.1000,3.4674,0.3000,611.36,481.53,0.5010,1.6576,26,378
0.0802,0.9198,0.1000,3.4674,0.4000,601.91,429.17,0.5010,1.2432,25,379
0.4254,0.5746,0.3000,1,0.4000,394.81,512.08,1.7374,4.3316,60,38
0.0985,0.9015,0.1000,3.4674,0.5000,590.87,379.5,0.5010,0.9945,28,380
0.1193,0.8807,0.1000,3.4674,0.6000,578.28,333.08,0.5008,0.8318,60,381
0.1432,0.8568,0.1000,3.4674,0.7000,564.09,290.07,0.5010,0.7104,20,382
0.1694,0.8306,0.1000,3.4674,0.8000,548.51,251.15,0.5012,0.6236,60,383
0.1976,0.8024,0.1000,3.4674,0.9000,531.64,216.23,0.5016,0.5544,60,384
0.2236,0.7764,0.1000,3.4674,1,514.41,186.17,0.5009,0.4990,60,385
0.0323,0.9677,0.2000,3.4674,0.0100,630.8,644.19,0.5008,49.9513,60,386
0.0412,0.9588,0.2000,3.4674,0.1000,625.62,592.49,0.5007,4.9952,60,387
0.0519,0.9481,0.2000,3.4674,0.2000,618.18,536.03,0.5017,2.4977,60,388
0.0664,0.9336,0.2000,3.4674,0.3000,609.75,481.72,0.5016,1.6651,60,389
0.4393,0.5607,0.3000,1,0.5000,386.45,481.8,1.7371,3.4651,60,39
0.0826,0.9174,0.2000,3.4674,0.4000,599.87,429.91,0.5007,1.2487,60,390
0.1027,0.8973,0.2000,3.4674,0.5000,588.35,380.77,0.5010,0.9990,60,391
0.1246,0.8754,0.2000,3.4674,0.6000,575.25,334.84,0.5009,0.8306,39,392
0.1486,0.8514,0.2000,3.4674,0.7000,560.59,292.47,0.5009,0.7136,60,393
0.1753,0.8247,0.2000,3.4674,0.8000,544.84,254.06,0.5010,0.6229,18,394
0.2034,0.7966,0.2000,3.4674,0.9000,527.95,219.79,0.5010,0.5537,18,395
0.2309,0.7691,0.2000,3.4674,1,510.46,189.89,0.5007,0.4995,60,396
0.0325,0.9675,0.3000,3.4674,0.0100,630.73,644.19,0.5010,49.9695,60,397
0.0420,0.9580,0.3000,3.4674,0.1000,624.99,592.5,0.5010,4.9970,60,398
0.0547,0.9453,0.3000,3.4674,0.2000,617.28,536.51,0.5010,2.4933,33,399
0.4085,0.5915,0,1,0.3000,404.89,543.52,1.7374,5.7906,60,4
0.4531,0.5469,0.3000,1,0.6000,378.17,453.1,1.7372,2.8818,28,40
0.0696,0.9304,0.3000,3.4674,0.3000,607.94,482.32,0.5015,1.6656,60,400
0.0877,0.9123,0.3000,3.4674,0.4000,597.35,430.98,0.5010,1.2466,19,401
0.1082,0.8918,0.3000,3.4674,0.5000,585.09,382.37,0.5010,0.9973,24,402
0.1309,0.8691,0.3000,3.4674,0.6000,571.68,337.43,0.5005,0.8329,60,403
0.1561,0.8439,0.3000,3.4674,0.7000,556.37,295.47,0.5010,0.7123,18,404
0.1830,0.8170,0.3000,3.4674,0.8000,540.23,257.75,0.5009,0.6232,17,405
0.2113,0.7887,0.3000,3.4674,0.9000,523.2,224.07,0.5009,0.5540,17,406
0.2389,0.7611,0.3000,3.4674,1,505.67,194.53,0.5004,0.4997,60,407
0.0322,0.9678,0.4000,3.4674,0.0100,630.65,644.19,0.5010,49.9130,34,408
0.0427,0.9573,0.4000,3.4674,0.1000,624.37,592.53,0.5010,4.9913,34,409
0.4665,0.5335,0.3000,1,0.7000,370.06,425.98,1.7370,2.4753,60,41
0.0567,0.9433,0.4000,3.4674,0.2000,615.99,536.75,0.5010,2.4957,36,410
0.0736,0.9264,0.4000,3.4674,0.3000,606.09,482.97,0.5017,1.6663,60,411
0.0927,0.9073,0.4000,3.4674,0.4000,595.11,432.58,0.5001,1.2498,60,412
0.1134,0.8866,0.4000,3.4674,0.5000,582.06,384.28,0.5005,0.9999,60,413
0.1369,0.8631,0.4000,3.4674,0.6000,567.75,339.52,0.5006,0.8333,60,414
0.1626,0.8374,0.4000,3.4674,0.7000,552.4,298.55,0.5006,0.7142,60,415
0.1901,0.8099,0.4000,3.4674,0.8000,535.76,261.09,0.5012,0.6250,60,416
0.2186,0.7814,0.4000,3.4674,0.9000,518.85,227.98,0.5008,0.5544,16,417
0.2451,0.7549,0.4000,3.4674,1,501.28,198.68,0.5008,0.4989,16,418
0.0323,0.9677,0.5000,3.4674,0.0100,630.59,644.19,0.5010,49.9310,36,419
0.4798,0.5202,0.3000,1,0.8000,362.22,400.41,1.7366,2.1658,60,42
0.0448,0.9552,0.5000,3.4674,0.1000,623.8,592.65,0.5012,5.0003,60,420
0.0589,0.9411,0.5000,3.4674,0.2000,614.67,537.01,0.5010,2.4965,29,421
0.0765,0.9235,0.5000,3.4674,0.3000,604.09,483.7,0.5010,1.6643,20,422
0.0966,0.9034,0.5000,3.4674,0.4000,592.05,433.09,0.5010,1.2481,18,423
0.1189,0.8811,0.5000,3.4674,0.5000,578.64,385.59,0.5009,0.9984,17,424
0.1434,0.8566,0.5000,3.4674,0.6000,563.98,341.52,0.5010,0.8321,19,425
0.1695,0.8305,0.5000,3.4674,0.7000,548.35,301.33,0.5007,0.7144,60,426
0.1970,0.8030,0.5000,3.4674,0.8000,531.82,264.47,0.5008,0.6239,16,427
0.2255,0.7745,0.5000,3.4674,0.9000,514.7,231.71,0.5009,0.5547,17,428
0.2534,0.7466,0.5000,3.4674,1,497.33,202.74,0.5013,0.4999,60,429
0.4930,0.5070,0.3000,1,0.9000,354.29,376.21,1.7372,1.9251,60,43
0.0325,0.9675,0.6000,3.4674,0.0100,630.53,644.19,0.5010,49.9521,35,430
0.0450,0.9550,0.6000,3.4674,0.1000,623.06,592.72,0.5007,5.0014,60,431
0.0613,0.9387,0.6000,3.4674,0.2000,613.21,537.31,0.5010,2.4976,36,432
0.0799,0.9201,0.6000,3.4674,0.3000,601.72,484.23,0.5014,1.6667,60,433
0.1017,0.8983,0.6000,3.4674,0.4000,589.12,434.17,0.5015,1.2504,60,434
0.1247,0.8753,0.6000,3.4674,0.5000,575.15,387.34,0.5010,0.9991,36,435
0.1498,0.8502,0.6000,3.4674,0.6000,560.1,343.85,0.5008,0.8322,16,436
0.1761,0.8239,0.6000,3.4674,0.7000,543.91,304,0.5008,0.7147,60,437
0.2043,0.7957,0.6000,3.4674,0.8000,527.45,267.96,0.5008,0.6242,16,438
0.2326,0.7674,0.6000,3.4674,0.9000,510.58,236.27,0.5009,0.5562,60,439
0.5045,0.4955,0.3000,1,1,346.58,353.46,1.7368,1.7326,60,44
0.2595,0.7405,0.6000,3.4674,1,493.02,206.91,0.5006,0.4991,15,440
0.0328,0.9672,0.7000,3.4674,0.0100,630.49,644.2,0.5007,50.0261,60,441
0.0463,0.9537,0.7000,3.4674,0.1000,622.22,592.75,0.5010,4.9973,40,442
0.0640,0.9360,0.7000,3.4674,0.2000,611.56,537.7,0.5008,2.5016,60,443
0.0843,0.9157,0.7000,3.4674,0.3000,599.43,485.1,0.5010,1.6656,19,444
0.1065,0.8935,0.7000,3.4674,0.4000,585.84,435.42,0.5012,1.2507,60,445
0.1311,0.8689,0.7000,3.4674,0.5000,571.33,389.25,0.5010,0.9995,31,446
0.1574,0.8426,0.7000,3.4674,0.6000,555.69,346.44,0.5013,0.8338,60,447
0.1842,0.8158,0.7000,3.4674,0.7000,539.48,307.27,0.5008,0.7136,16,448
0.2121,0.7879,0.7000,3.4674,0.8000,522.62,272.08,0.5009,0.6259,60,449
0.3694,0.6306,0.4000,1,0.0100,428.28,646.22,1.7374,173.3577,60,45
0.2407,0.7593,0.7000,3.4674,0.9000,505.81,240.23,0.5006,0.5560,60,450
0.2677,0.7323,0.7000,3.4674,1,488.27,211.66,0.5008,0.4995,16,451
0.0327,0.9673,0.8000,3.4674,0.0100,630.36,644.2,0.5010,50.0400,60,452
0.0478,0.9522,0.8000,3.4674,0.1000,621.31,592.86,0.5010,5.0040,53,453
0.0672,0.9328,0.8000,3.4674,0.2000,609.75,538.03,0.5011,2.5020,60,454
0.0889,0.9111,0.8000,3.4674,0.3000,596.69,485.93,0.5010,1.6664,19,455
0.1126,0.8874,0.8000,3.4674,0.4000,582.43,436.95,0.5009,1.2496,17,456
0.1380,0.8620,0.8000,3.4674,0.5000,567.17,391.5,0.5008,1.0008,60,457
0.1652,0.8348,0.8000,3.4674,0.6000,551.12,349.21,0.5008,0.8339,60,458
0.1920,0.8080,0.8000,3.4674,0.7000,534.76,311.51,0.5004,0.7155,60,459
0.3829,0.6171,0.4000,1,0.1000,420.29,612.98,1.7371,17.3357,60,46
0.2205,0.7795,0.8000,3.4674,0.8000,517.36,276.1,0.5007,0.6255,60,460
0.2497,0.7503,0.8000,3.4674,0.9000,500.09,244.77,0.5011,0.5557,60,461
0.2766,0.7234,0.8000,3.4674,1,483.13,216.8,0.5006,0.4996,15,462
0.0338,0.9662,0.9000,3.4674,0.0100,630.3,644.2,0.5014,50.0165,60,463
0.0499,0.9501,0.9000,3.4674,0.1000,620.31,592.98,0.5010,5.0047,60,464
0.0706,0.9294,0.9000,3.4674,0.2000,607.66,538.41,0.5010,2.5004,20,465
0.0938,0.9062,0.9000,3.4674,0.3000,593.67,486.86,0.5010,1.6679,60,466
0.1198,0.8802,0.9000,3.4674,0.4000,578.68,438.69,0.5012,1.2505,60,467
0.1458,0.8542,0.9000,3.4674,0.5000,562.55,393.62,0.5009,1.0000,17,468
0.1734,0.8266,0.9000,3.4674,0.6000,545.96,352.31,0.5008,0.8331,16,469
0.3977,0.6023,0.4000,1,0.2000,411.36,577.74,1.7368,8.6677,60,47
0.2014,0.7986,0.9000,3.4674,0.7000,529.28,314.86,0.5000,0.7141,60,470
0.2306,0.7694,0.9000,3.4674,0.8000,511.91,280.8,0.5010,0.6252,60,471
0.2588,0.7412,0.9000,3.4674,0.9000,494.34,249.79,0.5008,0.5559,60,472
0.2865,0.7135,0.9000,3.4674,1,477.86,222.93,0.5006,0.5004,60,473
0.0337,0.9663,1,3.4674,0.0100,630.22,644.21,0.5007,50.1002,60,474
0.0514,0.9486,1,3.4674,0.1000,619.13,593.09,0.5010,5.0100,35,475
0.0743,0.9257,1,3.4674,0.2000,605.4,538.92,0.5010,2.5051,60,476
0.0991,0.9009,1,3.4674,0.3000,590.45,488.02,0.5005,1.6704,60,477
0.1261,0.8739,1,3.4674,0.4000,574.36,440.24,0.5009,1.2521,60,478
0.1540,0.8460,1,3.4674,0.5000,557.7,396.2,0.5011,1.0022,60,479
0.4125,0.5875,0.4000,1,0.3000,402.54,544.24,1.7375,5.7786,60,48
0.1825,0.8175,1,3.4674,0.6000,540.52,355.67,0.5009,0.8347,60,480
0.2117,0.7883,1,3.4674,0.7000,523.13,318.64,0.5011,0.7157,60,481
0.2403,0.7597,1,3.4674,0.8000,505.83,285.33,0.5008,0.6260,16,482
0.2690,0.7310,1,3.4674,0.9000,488.58,255.27,0.5008,0.5564,16,483
0.2973,0.7027,1,3.4674,1,471.54,228.37,0.5011,0.5010,60,484
0.0055,0.9945,0,5.2481,0.0100,646.71,644.03,0.3310,33.1010,60,485
0.0080,0.9920,0,5.2481,0.1000,645.2,590.48,0.3310,3.3101,25,486
0.0120,0.9880,0,5.2481,0.2000,642.77,531.45,0.3310,1.6551,29,487
0.0172,0.9828,0,5.2481,0.3000,639.19,472.92,0.3314,1.1032,60,488
0.0265,0.9735,0,5.2481,0.4000,634.28,416.02,0.3314,0.8274,60,489
0.4268,0.5732,0.4000,1,0.4000,393.84,512.46,1.7370,4.3340,60,49
0.0376,0.9624,0,5.2481,0.5000,627.43,361.28,0.3310,0.6620,19,490
0.0529,0.9471,0,5.2481,0.6000,618.26,309.04,0.3310,0.5517,19,491
0.0727,0.9273,0,5.2481,0.7000,606.4,260.52,0.3310,0.4728,18,492
0.0981,0.9019,0,5.2481,0.8000,591.52,216.47,0.3313,0.4134,60,493
0.1261,0.8739,0,5.2481,0.9000,574.37,178.78,0.3311,0.3679,60,494
0.1600,0.8400,0,5.2481,1,553.98,146.02,0.3310,0.3310,18,495
0.0055,0.9945,0.1000,5.2481,0.0100,646.7,644.03,0.3311,32.9468,60,496
0.0081,0.9919,0.1000,5.2481,0.1000,645.13,590.45,0.3310,3.2854,28,497
0.0124,0.9876,0.1000,5.2481,0.2000,642.59,531.41,0.3310,1.6427,28,498
0.0185,0.9815,0.1000,5.2481,0.3000,638.91,473.24,0.3310,1.0951,25,499
0.4219,0.5781,0,1,0.4000,396.92,511.27,1.7370,4.3428,60,5
0.4409,0.5591,0.4000,1,0.5000,385.42,482.36,1.7362,3.4672,60,50
0.0269,0.9731,0.1000,5.2481,0.4000,633.74,416.53,0.3308,0.8238,60,500
0.0393,0.9607,0.1000,5.2481,0.5000,626.66,361.79,0.3310,0.6593,60,501
0.0542,0.9458,0.1000,5.2481,0.6000,617.14,309.89,0.3306,0.5494,60,502
0.0751,0.9249,0.1000,5.2481,0.7000,604.92,261.46,0.3310,0.4693,19,503
0.1005,0.8995,0.1000,5.2481,0.8000,589.87,217.85,0.3313,0.4121,60,504
0.1297,0.8703,0.1000,5.2481,0.9000,572.21,179.95,0.3310,0.3650,18,505
0.1607,0.8393,0.1000,5.2481,1,552.74,148.52,0.3306,0.3296,60,506
0.0050,0.9950,0.2000,5.2481,0.0100,646.68,644.03,0.3310,32.9914,60,507
0.0089,0.9911,0.2000,5.2481,0.1000,644.96,590.47,0.3311,3.2991,60,508
0.0131,0.9869,0.2000,5.2481,0.2000,642.12,531.5,0.3310,1.6463,27,509
0.4551,0.5449,0.4000,1,0.6000,376.95,453.83,1.7372,2.8845,27,51
0.0218,0.9782,0.2000,5.2481,0.3000,638.01,473.47,0.3316,1.0975,20,510
0.0296,0.9704,0.2000,5.2481,0.4000,632.26,416.97,0.3310,0.8231,19,511
0.0426,0.9574,0.2000,5.2481,0.5000,624.46,362.64,0.3310,0.6585,18,512
0.0596,0.9404,0.2000,5.2481,0.6000,614.26,311.33,0.3310,0.5487,18,513
0.0810,0.9190,0.2000,5.2481,0.7000,601.42,263.9,0.3309,0.4703,17,514
0.1079,0.8921,0.2000,5.2481,0.8000,585.97,221.3,0.3314,0.4126,60,515
0.1369,0.8631,0.2000,5.2481,0.9000,567.87,183.84,0.3309,0.3658,17,516
0.1660,0.8340,0.2000,5.2481,1,547.77,152.18,0.3309,0.3291,16,517
0.0051,0.9949,0.3000,5.2481,0.0100,646.66,644.02,0.3315,33.0052,60,518
0.0095,0.9905,0.3000,5.2481,0.1000,644.71,590.58,0.3307,3.3004,60,519
0.4688,0.5312,0.4000,1,0.7000,368.72,426.9,1.7372,2.4724,28,52
0.0155,0.9845,0.3000,5.2481,0.2000,641.55,531.89,0.3307,1.6501,60,520
0.0224,0.9776,0.3000,5.2481,0.3000,636.7,473.65,0.3315,1.1001,60,521
0.0323,0.9677,0.3000,5.2481,0.4000,630.25,417.58,0.3312,0.8254,60,522
0.0472,0.9528,0.3000,5.2481,0.5000,621.6,364.03,0.3311,0.6603,60,523
0.0656,0.9344,0.3000,5.2481,0.6000,610.62,313.51,0.3310,0.5491,18,524
0.0881,0.9119,0.3000,5.2481,0.7000,597.05,267.07,0.3309,0.4707,29,525
0.1144,0.8856,0.3000,5.2481,0.8000,580.92,225.15,0.3306,0.4116,17,526
0.1457,0.8543,0.3000,5.2481,0.9000,562.61,188.59,0.3309,0.3659,16,527
0.1753,0.8247,0.3000,5.2481,1,542.5,157.45,0.3309,0.3293,16,528
0.0056,0.9944,0.4000,5.2481,0.0100,646.65,644.03,0.3310,33.0281,60,529
0.4823,0.5177,0.4000,1,0.8000,360.65,401.47,1.7374,2.1670,60,53
0.0093,0.9907,0.4000,5.2481,0.1000,644.39,590.52,0.3310,3.2977,27,530
0.0143,0.9857,0.4000,5.2481,0.2000,640.65,531.56,0.3313,1.6509,60,531
0.0243,0.9757,0.4000,5.2481,0.3000,635.45,474.26,0.3310,1.0991,18,532
0.0362,0.9638,0.4000,5.2481,0.4000,628.27,418.58,0.3309,0.8243,17,533
0.0523,0.9477,0.4000,5.2481,0.5000,619.11,366.06,0.3305,0.6606,60,534
0.0716,0.9284,0.4000,5.2481,0.6000,607.08,315.63,0.3309,0.5494,16,535
0.0965,0.9035,0.4000,5.2481,0.7000,593.2,270.67,0.3308,0.4720,60,536
0.1218,0.8782,0.4000,5.2481,0.8000,576.78,229.73,0.3302,0.4130,60,537
0.1533,0.8467,0.4000,5.2481,0.9000,558.13,193.21,0.3307,0.3671,60,538
0.1848,0.8152,0.4000,5.2481,1,537.22,161.75,0.3312,0.3302,60,539
0.4955,0.5045,0.4000,1,0.9000,352.76,377.5,1.7375,1.9261,60,54
0.0056,0.9944,0.5000,5.2481,0.0100,646.62,644.03,0.3310,32.9890,34,540
0.0099,0.9901,0.5000,5.2481,0.1000,644.06,590.55,0.3310,3.2989,27,541
0.0168,0.9832,0.5000,5.2481,0.2000,639.9,531.94,0.3310,1.6494,19,542
0.0267,0.9733,0.5000,5.2481,0.3000,634,474.7,0.3310,1.0996,29,543
0.0393,0.9607,0.5000,5.2481,0.4000,626.02,419.32,0.3310,0.8258,60,544
0.0565,0.9435,0.5000,5.2481,0.5000,615.96,366.86,0.3309,0.6595,17,545
0.0775,0.9225,0.5000,5.2481,0.6000,603.51,317.77,0.3309,0.5496,16,546
0.1018,0.8982,0.5000,5.2481,0.7000,588.87,272.98,0.3308,0.4719,60,547
0.1300,0.8700,0.5000,5.2481,0.8000,572.14,232.79,0.3308,0.4128,60,548
0.1626,0.8374,0.5000,5.2481,0.9000,552.96,196.47,0.3319,0.3671,60,549
0.5064,0.4936,0.4000,1,1,345.06,354.95,1.7371,1.7306,20,55
0.1928,0.8072,0.5000,5.2481,1,533.63,166.49,0.3310,0.3305,60,550
0.0057,0.9943,0.6000,5.2481,0.0100,646.59,644.03,0.3310,33.0443,55,551
0.0104,0.9896,0.6000,5.2481,0.1000,643.67,590.61,0.3310,3.3046,60,552
0.0184,0.9816,0.6000,5.2481,0.2000,638.95,532.14,0.3310,1.6502,25,553
0.0298,0.9702,0.6000,5.2481,0.3000,632.37,475.25,0.3311,1.1001,60,554
0.0439,0.9561,0.6000,5.2481,0.4000,623.68,420.41,0.3309,0.8247,16,555
0.0621,0.9379,0.6000,5.2481,0.5000,613.05,369.44,0.3300,0.6609,60,556
0.0832,0.9168,0.6000,5.2481,0.6000,599.65,320.23,0.3305,0.5495,16,557
0.1094,0.8906,0.6000,5.2481,0.7000,584.36,275.83,0.3308,0.4711,15,558
0.1379,0.8621,0.6000,5.2481,0.8000,567.25,236.1,0.3308,0.4122,15,559
0.3694,0.6306,0.5000,1,0.0100,428.26,646.22,1.7374,173.3964,60,56
0.1690,0.8310,0.6000,5.2481,0.9000,548.64,201.14,0.3308,0.3664,15,560
0.2008,0.7992,0.6000,5.2481,1,528.79,171.24,0.3304,0.3304,60,561
0.0048,0.9952,0.7000,5.2481,0.0100,646.53,644.02,0.3313,33.0223,60,562
0.0113,0.9887,0.7000,5.2481,0.1000,643.24,590.64,0.3310,3.3017,39,563
0.0203,0.9797,0.7000,5.2481,0.2000,637.85,532.37,0.3310,1.6508,27,564
0.0326,0.9674,0.7000,5.2481,0.3000,630.44,475.78,0.3309,1.1003,17,565
0.0486,0.9514,0.7000,5.2481,0.4000,620.87,421.54,0.3309,0.8251,16,566
0.0688,0.9312,0.7000,5.2481,0.5000,609.33,370.94,0.3308,0.6608,60,567
0.0914,0.9086,0.7000,5.2481,0.6000,595.18,322.77,0.3308,0.5499,15,568
0.1178,0.8822,0.7000,5.2481,0.7000,579.35,279.33,0.3308,0.4713,15,569
0.3833,0.6167,0.5000,1,0.1000,420.06,613.01,1.7368,17.3396,60,57
0.1465,0.8535,0.7000,5.2481,0.8000,561.95,240.58,0.3308,0.4132,60,570
0.1780,0.8220,0.7000,5.2481,0.9000,543.22,206,0.3308,0.3666,15,571
0.2086,0.7914,0.7000,5.2481,1,523.67,176.25,0.3308,0.3299,15,572
0.0067,0.9933,0.8000,5.2481,0.0100,646.53,644.04,0.3310,33.0361,60,573
0.0129,0.9871,0.8000,5.2481,0.1000,642.73,590.81,0.3307,3.3036,60,574
0.0232,0.9768,0.8000,5.2481,0.2000,636.64,532.93,0.3305,1.6518,60,575
0.0362,0.9638,0.8000,5.2481,0.3000,628.18,476.68,0.3311,1.1014,60,576
0.0540,0.9460,0.8000,5.2481,0.4000,617.61,422.86,0.3309,0.8254,16,577
0.0752,0.9248,0.8000,5.2481,0.5000,604.88,372.44,0.3308,0.6601,15,578
0.0998,0.9002,0.8000,5.2481,0.6000,590.15,325.79,0.3308,0.5501,15,579
0.3985,0.6015,0.5000,1,0.2000,410.93,577.85,1.7365,8.6698,60,58
0.1271,0.8729,0.8000,5.2481,0.7000,573.73,283.28,0.3308,0.4715,15,580
0.1568,0.8432,0.8000,5.2481,0.8000,555.94,245.14,0.3308,0.4126,15,581
0.1881,0.8119,0.8000,5.2481,0.9000,537.14,211.57,0.3310,0.3670,60,582
0.2188,0.7812,0.8000,5.2481,1,517.73,182.18,0.3308,0.3301,15,583
0.0050,0.9950,0.9000,5.2481,0.0100,646.45,644.03,0.3307,33.0512,60,584
0.0133,0.9867,0.9000,5.2481,0.1000,642.05,590.76,0.3310,3.3041,35,585
0.0249,0.9751,0.9000,5.2481,0.2000,634.86,532.64,0.3319,1.6532,60,586
0.0408,0.9592,0.9000,5.2481,0.3000,625.54,477.24,0.3310,1.1012,18,587
0.0603,0.9397,0.9000,5.2481,0.4000,613.85,424.34,0.3309,0.8257,16,588
0.0830,0.9170,0.9000,5.2481,0.5000,599.69,374.39,0.3315,0.6612,60,589
0.4136,0.5864,0.5000,1,0.3000,401.83,544.45,1.7371,5.7798,60,59
0.1092,0.8908,0.9000,5.2481,0.6000,584.47,329.19,0.3310,0.5506,18,590
0.1380,0.8620,0.9000,5.2481,0.7000,567.52,287.91,0.3312,0.4727,60,591
0.1678,0.8322,0.9000,5.2481,0.8000,549.33,250.4,0.3308,0.4127,15,592
0.2000,0.8000,0.9000,5.2481,0.9000,530.27,217.63,0.3309,0.3672,60,593
0.2289,0.7711,0.9000,5.2481,1,511.27,188.78,0.3309,0.3298,60,594
0.0059,0.9941,1,5.2481,0.0100,646.39,644.03,0.3313,33.1011,60,595
0.0138,0.9862,1,5.2481,0.1000,641.18,590.77,0.3314,3.3103,60,596
0.0289,0.9711,1,5.2481,0.2000,633.05,533.36,0.3314,1.6553,60,597
0.0458,0.9542,1,5.2481,0.3000,622.48,478.25,0.3309,1.1029,17,598
0.0673,0.9327,1,5.2481,0.4000,609.61,426.23,0.3308,0.8272,17,599
0.4352,0.5648,0,1,0.5000,388.88,480.59,1.7367,3.4744,60,6
0.4282,0.5718,0.5000,1,0.4000,393.02,512.81,1.7368,4.3346,60,60
0.0920,0.9080,1,5.2481,0.5000,594.74,377.61,0.3309,0.6617,17,600
0.1195,0.8805,1,5.2481,0.6000,578.3,333.01,0.3309,0.5515,16,601
0.1488,0.8512,1,5.2481,0.7000,560.67,292.55,0.3309,0.4727,17,602
0.1798,0.8202,1,5.2481,0.8000,542.15,256.28,0.3310,0.4138,60,603
0.2113,0.7887,1,5.2481,0.9000,523.23,224.09,0.3308,0.3675,15,604
0.2427,0.7573,1,5.2481,1,503.75,195.68,0.3314,0.3306,60,605
0.0014,0.9986,0,7.9433,0.0100,649.77,644.01,0.2186,21.8690,60,606
-0.0012,1.0012,0,7.9433,0.1000,649.57,589.79,0.2192,2.1868,60,607
1.7600e-04,0.9998,0,7.9433,0.2000,649.16,529.87,0.2190,1.0937,60,608
0.0027,0.9973,0,7.9433,0.3000,648.38,470.48,0.2187,0.7290,20,609
0.4428,0.5572,0.5000,1,0.5000,384.28,482.82,1.7374,3.4678,60,61
0.0049,0.9951,0,7.9433,0.4000,646.92,411.06,0.2188,0.5471,60,610
0.0086,0.9914,0,7.9433,0.5000,644.29,352.49,0.2184,0.4369,60,611
0.0171,0.9829,0,7.9433,0.6000,639.74,296.16,0.2187,0.3645,28,612
0.0296,0.9704,0,7.9433,0.7000,632.25,242.43,0.2187,0.3124,20,613
0.0488,0.9512,0,7.9433,0.8000,620.72,193.43,0.2187,0.2733,18,614
0.0761,0.9239,0,7.9433,0.9000,604.67,151.9,0.2185,0.2430,60,615
0.1119,0.8881,0,7.9433,1,583.48,117.44,0.2190,0.2188,60,616
3.8093e-04,0.9996,0.1000,7.9433,0.0100,649.77,644,0.2187,21.7067,33,617
0.0014,0.9986,0.1000,7.9433,0.1000,649.56,590.01,0.2188,2.1707,60,618
0.0015,0.9985,0.1000,7.9433,0.2000,649.12,530.08,0.2187,1.0853,26,619
0.4570,0.5430,0.5000,1,0.6000,375.74,454.47,1.7376,2.8897,60,62
0.0034,0.9966,0.1000,7.9433,0.3000,648.29,470.5,0.2187,0.7255,60,620
0.0055,0.9945,0.1000,7.9433,0.4000,646.68,411.18,0.2187,0.5426,19,621
0.0103,0.9897,0.1000,7.9433,0.5000,643.83,352.93,0.2187,0.4341,19,622
0.0189,0.9811,0.1000,7.9433,0.6000,638.92,296.23,0.2190,0.3630,60,623
0.0315,0.9685,0.1000,7.9433,0.7000,630.88,242.75,0.2189,0.3112,60,624
0.1085,0.8915,0.1000,7.9433,1,580.9,119.05,0.2187,0.2170,17,627
0.0019,0.9981,0.2000,7.9433,0.0100,649.77,644.01,0.2187,21.7543,60,628
7.8811e-04,0.9992,0.2000,7.9433,0.1000,649.53,589.99,0.2187,2.1754,26,629
0.4705,0.5295,0.5000,1,0.7000,367.58,427.76,1.7362,2.4769,60,63
0.0023,0.9977,0.2000,7.9433,0.2000,649,530.21,0.2186,1.0877,51,630
0.0034,0.9966,0.2000,7.9433,0.3000,647.97,470.47,0.2187,0.7251,20,631
0.0044,0.9956,0.2000,7.9433,0.4000,645.93,410.34,0.2192,0.5449,60,632
0.0125,0.9875,0.2000,7.9433,0.5000,642.69,353.69,0.2186,0.4359,60,633
0.0219,0.9781,0.2000,7.9433,0.6000,637,297.33,0.2190,0.3634,60,634
0.0362,0.9638,0.2000,7.9433,0.7000,628.26,245.89,0.2183,0.3115,60,635
0.0578,0.9422,0.2000,7.9433,0.8000,615.28,197.77,0.2187,0.2726,60,636
0.0859,0.9141,0.2000,7.9433,0.9000,597.27,155.94,0.2189,0.2423,60,637
0.1199,0.8801,0.2000,7.9433,1,576.15,123.31,0.2193,0.2181,60,638
-3.1979e-04,1.0003,0.3000,7.9433,0.0100,649.76,643.98,0.2190,21.7675,60,639
0.4843,0.5157,0.5000,1,0.8000,359.42,402.49,1.7370,2.1673,60,64
8.7429e-04,0.9991,0.3000,7.9433,0.1000,649.48,590,0.2187,2.1767,34,640
0.0054,0.9946,0.3000,7.9433,0.2000,648.87,531.01,0.2179,1.0884,60,641
0.0039,0.9961,0.3000,7.9433,0.3000,647.5,470.16,0.2192,0.7256,60,642
0.0063,0.9937,0.3000,7.9433,0.4000,645.02,410.25,0.2197,0.5442,60,643
0.0149,0.9851,0.3000,7.9433,0.5000,641.09,354.29,0.2187,0.4353,18,644
0.0259,0.9741,0.3000,7.9433,0.6000,634.49,299.14,0.2186,0.3627,16,645
0.0424,0.9576,0.3000,7.9433,0.7000,624.56,247.66,0.2185,0.3107,15,646
0.0652,0.9348,0.3000,7.9433,0.8000,610.65,201.33,0.2185,0.2720,16,647
0.0956,0.9044,0.3000,7.9433,0.9000,592.67,161.51,0.2185,0.2417,15,648
0.1293,0.8707,0.3000,7.9433,1,570.96,129.01,0.2190,0.2181,60,649
0.4975,0.5025,0.5000,1,0.9000,351.5,378.71,1.7367,1.9265,60,65
0.0018,0.9982,0.4000,7.9433,0.0100,649.77,644.01,0.2186,21.7879,60,650
0.0039,0.9961,0.4000,7.9433,0.3000,646.99,470.2,0.2192,0.7263,60,653
0.0088,0.9912,0.4000,7.9433,0.4000,644.14,411.85,0.2188,0.5447,60,654
0.0170,0.9830,0.4000,7.9433,0.5000,639.22,354.69,0.2189,0.4358,60,655
0.0270,0.9730,0.4000,7.9433,0.6000,632.07,301.42,0.2175,0.3636,60,656
0.0483,0.9517,0.4000,7.9433,0.7000,621.05,250.12,0.2186,0.3111,16,657
0.0730,0.9270,0.4000,7.9433,0.8000,606.69,205.19,0.2186,0.2727,60,658
0.1032,0.8968,0.4000,7.9433,0.9000,588.08,165.64,0.2185,0.2419,15,659
0.5096,0.4904,0.5000,1,1,343.73,356.3,1.7368,1.7338,60,66
0.1371,0.8629,0.4000,7.9433,1,566.22,133.43,0.2187,0.2182,60,660
0.0025,0.9975,0.5000,7.9433,0.0100,649.76,644.02,0.2184,21.7957,60,661
0.0011,0.9989,0.5000,7.9433,0.1000,649.34,590.02,0.2187,2.1796,31,662
0.0028,0.9972,0.5000,7.9433,0.2000,648.35,530.24,0.2187,1.0898,36,663
0.0036,0.9964,0.5000,7.9433,0.3000,646.34,470.35,0.2189,0.7265,60,664
0.0116,0.9884,0.5000,7.9433,0.4000,643.04,412.63,0.2186,0.5447,16,665
0.0208,0.9792,0.5000,7.9433,0.5000,637.53,356.06,0.2185,0.4356,15,666
0.0347,0.9653,0.5000,7.9433,0.6000,629.07,301.97,0.2190,0.3632,60,667
0.0521,0.9479,0.5000,7.9433,0.7000,617.26,251.83,0.2187,0.3119,60,668
0.0810,0.9190,0.5000,7.9433,0.8000,603.15,209.03,0.2184,0.2726,60,669
0.3696,0.6304,0.6000,1,0.0100,428.27,646.22,1.7377,173.4223,60,67
0.1102,0.8898,0.5000,7.9433,0.9000,583.7,169.47,0.2187,0.2426,60,670
0.1451,0.8549,0.5000,7.9433,1,562.62,137.89,0.2185,0.2183,60,671
2.5353e-04,0.9997,0.6000,7.9433,0.0100,649.75,643.99,0.2189,21.8050,60,672
0.0013,0.9987,0.6000,7.9433,0.1000,649.24,590.04,0.2187,2.1805,34,673
0.0033,0.9967,0.6000,7.9433,0.2000,648.03,530.32,0.2187,1.0903,37,674
0.0072,0.9928,0.6000,7.9433,0.3000,645.68,471.19,0.2187,0.7268,29,675
0.0398,0.9602,0.6000,7.9433,0.6000,626.13,304.16,0.2185,0.3631,15,678
0.0602,0.9398,0.6000,7.9433,0.7000,613.68,255.28,0.2187,0.3111,60,679
0.3839,0.6161,0.6000,1,0.1000,419.7,613.03,1.7375,17.3422,60,68
0.0888,0.9112,0.6000,7.9433,0.8000,597.73,211.14,0.2193,0.2730,60,680
0.1156,0.8844,0.6000,7.9433,0.9000,579.41,174.74,0.2182,0.2430,60,681
0.1512,0.8488,0.6000,7.9433,1,557.77,142.15,0.2185,0.2179,15,682
4.1678e-04,0.9996,0.7000,7.9433,0.0100,649.75,644,0.2187,21.8140,59,683
0.0010,0.9990,0.7000,7.9433,0.1000,649.13,590.06,0.2186,2.1814,60,684
0.0049,0.9951,0.7000,7.9433,0.2000,647.65,530.65,0.2185,1.0906,60,685
0.0081,0.9919,0.7000,7.9433,0.3000,644.72,471.3,0.2188,0.7271,60,686
0.0168,0.9832,0.7000,7.9433,0.4000,639.94,413.88,0.2185,0.5449,15,687
0.0290,0.9710,0.7000,7.9433,0.5000,632.61,358.56,0.2187,0.4362,18,688
0.0462,0.9538,0.7000,7.9433,0.6000,622.28,306.09,0.2189,0.3634,60,689
0.3994,0.6006,0.6000,1,0.2000,410.34,577.94,1.7367,8.6710,60,69
0.0682,0.9318,0.7000,7.9433,0.7000,609.07,258.5,0.2185,0.3114,15,690
0.0958,0.9042,0.7000,7.9433,0.8000,592.93,216.24,0.2186,0.2726,60,691
0.1288,0.8712,0.7000,7.9433,0.9000,573.24,177.95,0.2190,0.2424,60,692
0.1597,0.8403,0.7000,7.9433,1,551.51,146.82,0.2191,0.2181,60,693
-7.8053e-04,1.0008,0.8000,7.9433,0.0100,649.74,643.99,0.2187,21.8233,60,694
0.0017,0.9983,0.8000,7.9433,0.1000,648.97,590.07,0.2187,2.1823,40,695
0.0047,0.9953,0.8000,7.9433,0.2000,647.07,530.52,0.2187,1.0914,60,696
0.0108,0.9892,0.8000,7.9433,0.3000,643.53,471.83,0.2185,0.7269,15,697
0.0204,0.9796,0.8000,7.9433,0.4000,637.76,414.77,0.2185,0.5452,15,698
0.0345,0.9655,0.8000,7.9433,0.5000,629.32,360.2,0.2185,0.4361,15,699
0.4485,0.5515,0,1,0.6000,380.84,451.44,1.7373,2.8950,60,7
0.4148,0.5852,0.6000,1,0.3000,401.12,544.66,1.7372,5.7735,33,70
0.0535,0.9465,0.8000,7.9433,0.6000,617.94,309.09,0.2185,0.3634,15,700
0.0773,0.9227,0.8000,7.9433,0.7000,603.61,262.33,0.2185,0.3115,15,701
0.1056,0.8944,0.8000,7.9433,0.8000,585.41,218.94,0.2194,0.2728,60,702
0.1380,0.8620,0.8000,7.9433,0.9000,567.2,184.41,0.2185,0.2423,15,703
0.1714,0.8286,0.8000,7.9433,1,546.1,153.81,0.2186,0.2182,16,704
1.1203e-04,0.9999,0.9000,7.9433,0.0100,649.73,643.98,0.2191,21.8330,60,705
0.0021,0.9979,0.9000,7.9433,0.1000,648.76,590.1,0.2187,2.1839,60,706
0.0061,0.9939,0.9000,7.9433,0.2000,646.35,530.65,0.2186,1.0910,16,707
0.0138,0.9862,0.9000,7.9433,0.3000,641.96,472.57,0.2185,0.7280,60,708
0.0240,0.9760,0.9000,7.9433,0.4000,634.84,415.46,0.2191,0.5462,60,709
0.4298,0.5702,0.6000,1,0.4000,392.1,513.15,1.7372,4.3301,28,71
0.0401,0.9599,0.9000,7.9433,0.5000,625.25,362.16,0.2185,0.4372,60,710
0.0632,0.9368,0.9000,7.9433,0.6000,613,313.15,0.2188,0.3649,60,711
0.0894,0.9106,0.9000,7.9433,0.7000,598.04,268.3,0.2183,0.3117,60,712
0.1180,0.8820,0.9000,7.9433,0.8000,579.64,226.93,0.2189,0.2726,60,713
0.1481,0.8519,0.9000,7.9433,0.9000,560.86,192.54,0.2179,0.2429,60,714
0.1837,0.8163,0.9000,7.9433,1,538.93,160.95,0.2185,0.2181,15,715
-0.0017,1.0017,1,7.9433,0.0100,649.71,644,0.2183,21.8696,60,716
0.0027,0.9973,1,7.9433,0.1000,648.46,590.17,0.2187,2.1869,60,717
0.0077,0.9923,1,7.9433,0.2000,645.35,530.92,0.2187,1.0934,18,718
0.0191,0.9809,1,7.9433,0.3000,639.97,473.64,0.2184,0.7289,60,719
0.4445,0.5555,0.6000,1,0.5000,383.29,483.34,1.7372,3.4641,28,72
0.0308,0.9692,1,7.9433,0.4000,631.53,417.39,0.2187,0.5467,60,720
0.0495,0.9505,1,7.9433,0.5000,620.33,364.83,0.2187,0.4374,37,721
0.0727,0.9273,1,7.9433,0.6000,606.4,316.14,0.2185,0.3642,15,722
0.0998,0.9002,1,7.9433,0.7000,589.95,271.89,0.2185,0.3121,16,723
0.1307,0.8693,1,7.9433,0.8000,571.58,232.73,0.2185,0.2732,15,724
0.1638,0.8362,1,7.9433,0.9000,552.16,199.15,0.2184,0.2427,60,725
0.1988,0.8012,1,7.9433,1,530.93,169.21,0.2185,0.2186,60,726
8.3125e-04,0.9992,0,12.0230,0.0100,650,644.01,0.1443,14.4487,60,727
8.9196e-06,1.0000,0,12.0230,0.1000,649.99,590,0.1445,1.4449,31,728
2.7909e-05,1.0000,0,12.0230,0.2000,649.97,530,0.1445,0.7224,20,729
0.4588,0.5412,0.6000,1,0.6000,374.69,455.19,1.7370,2.8906,60,73
-8.1230e-04,1.0008,0,12.0230,0.3000,649.91,469.42,0.1448,0.4816,60,730
1.5443e-05,1.0000,0,12.0230,0.4000,649.73,409.52,0.1447,0.3605,60,731
8.6576e-04,0.9991,0,12.0230,0.5000,649.26,350.36,0.1444,0.2890,60,732
0.0033,0.9967,0,12.0230,0.6000,648.04,291.17,0.1444,0.2407,17,733
0.0083,0.9917,0,12.0230,0.7000,645.03,233.47,0.1444,0.2063,16,734
0.0194,0.9806,0,12.0230,0.8000,638.34,179.32,0.1444,0.1805,15,735
0.0411,0.9589,0,12.0230,0.9000,625.32,132.21,0.1444,0.1604,15,736
0.0767,0.9233,0,12.0230,1,603.96,96.04,0.1444,0.1444,15,737
-0.0025,1.0025,0.1000,12.0230,0.0100,650,643.95,0.1451,14.3411,60,738
-5.9871e-04,1.0006,0.1000,12.0230,0.1000,649.99,589.87,0.1445,1.4341,60,739
0.4729,0.5271,0.6000,1,0.7000,366.26,428.6,1.7373,2.4774,60,74
-0.0010,1.0010,0.1000,12.0230,0.2000,649.96,529.61,0.1447,0.7170,60,740
1.8320e-04,0.9998,0.1000,12.0230,0.3000,649.89,469.86,0.1445,0.4780,19,741
5.2163e-04,0.9995,0.1000,12.0230,0.4000,649.69,409.92,0.1445,0.3585,19,742
0.0015,0.9985,0.1000,12.0230,0.5000,649.14,350.22,0.1445,0.2868,17,743
0.0038,0.9962,0.1000,12.0230,0.6000,647.71,291.16,0.1445,0.2390,17,744
0.0095,0.9905,0.1000,12.0230,0.7000,644.24,233.2,0.1447,0.2057,60,745
0.0228,0.9772,0.1000,12.0230,0.8000,637.04,179.86,0.1448,0.1799,60,746
0.0442,0.9558,0.1000,12.0230,0.9000,623.91,134.82,0.1443,0.1599,60,747
0.0733,0.9267,0.1000,12.0230,1,601.93,98.012,0.1444,0.1433,15,748
0.0020,0.9980,0.2000,12.0230,0.0100,650,644,0.1445,14.3725,60,749
0.4865,0.5135,0.6000,1,0.8000,358.08,403.52,1.7372,2.1651,29,75
-0.0014,1.0014,0.2000,12.0230,0.1000,649.99,589.82,0.1445,1.4373,60,750
-0.0015,1.0015,0.2000,12.0230,0.2000,649.95,529.42,0.1448,0.7186,60,751
-7.4734e-04,1.0007,0.2000,12.0230,0.3000,649.85,469.83,0.1444,0.4790,18,752
0.0015,0.9985,0.2000,12.0230,0.4000,649.58,410.77,0.1441,0.3593,60,753
0.0023,0.9977,0.2000,12.0230,0.5000,648.82,351.45,0.1440,0.2874,60,754
0.0032,0.9968,0.2000,12.0230,0.6000,646.83,290.71,0.1446,0.2395,60,755
0.0122,0.9878,0.2000,12.0230,0.7000,642.67,234.92,0.1444,0.2052,15,756
0.0292,0.9708,0.2000,12.0230,0.8000,634.24,182.95,0.1448,0.1801,60,757
0.0510,0.9490,0.2000,12.0230,0.9000,619.22,137.1,0.1446,0.1601,60,758
0.0821,0.9179,0.2000,12.0230,1,596.77,100.98,0.1456,0.1440,60,759
0.4998,0.5002,0.6000,1,0.9000,350.12,379.92,1.7369,1.9269,60,76
9.8447e-07,1.0000,0.3000,12.0230,0.0100,650,643.99,0.1445,14.3812,37,760
3.0184e-05,1.0000,0.3000,12.0230,0.1000,649.98,589.95,0.1445,1.4381,32,761
-6.1627e-04,1.0006,0.3000,12.0230,0.2000,649.94,529.71,0.1446,0.7191,60,762
3.4979e-04,0.9997,0.3000,12.0230,0.3000,649.79,469.91,0.1445,0.4794,20,763
0.0017,0.9983,0.3000,12.0230,0.4000,649.39,410.71,0.1442,0.3595,60,764
-5.5959e-04,1.0006,0.3000,12.0230,0.5000,648.21,348.92,0.1448,0.2876,60,765
0.0077,0.9923,0.3000,12.0230,0.6000,645.76,292.99,0.1443,0.2397,60,766
0.0161,0.9839,0.3000,12.0230,0.7000,640.38,236.53,0.1444,0.2053,15,767
0.0326,0.9674,0.3000,12.0230,0.8000,630.46,185.48,0.1444,0.1796,15,768
0.0592,0.9408,0.3000,12.0230,0.9000,614.49,141.85,0.1444,0.1597,15,769
0.5114,0.4886,0.6000,1,1,342.33,357.68,1.7370,1.7321,33,77
0.0949,0.9051,0.3000,12.0230,1,592.29,107.85,0.1439,0.1440,60,770
-0.0017,1.0017,0.4000,12.0230,0.0100,650,643.97,0.1447,14.3947,60,771
-0.0042,1.0042,0.4000,12.0230,0.1000,649.98,589.41,0.1452,1.4395,60,772
-9.1497e-04,1.0009,0.4000,12.0230,0.2000,649.91,529.45,0.1449,0.7197,60,773
-3.4898e-04,1.0003,0.4000,12.0230,0.3000,649.71,469.87,0.1444,0.4798,60,774
0.0015,0.9985,0.4000,12.0230,0.4000,649.12,410.17,0.1445,0.3598,17,775
0.0039,0.9961,0.4000,12.0230,0.5000,647.68,350.95,0.1444,0.2877,15,776
0.0092,0.9908,0.4000,12.0230,0.6000,644.48,293.56,0.1443,0.2399,60,777
0.0224,0.9776,0.4000,12.0230,0.7000,638.88,241.25,0.1438,0.2056,60,778
0.0341,0.9659,0.4000,12.0230,0.8000,626.22,185.49,0.1447,0.1799,60,779
0.3697,0.6303,0.7000,1,0.0100,428.25,646.22,1.7377,173.4615,60,78
0.0652,0.9348,0.4000,12.0230,0.9000,611.2,146.63,0.1439,0.1603,60,780
0.1007,0.8993,0.4000,12.0230,1,588.09,112.09,0.1440,0.1442,60,781
-3.3838e-07,1.0000,0.5000,12.0230,0.0100,650,644,0.1445,14.3999,60,782
4.5824e-05,1.0000,0.5000,12.0230,0.1000,649.97,589.95,0.1445,1.4399,19,783
-5.2699e-05,1.0001,0.5000,12.0230,0.2000,649.88,529.95,0.1444,0.7200,60,784
7.2058e-04,0.9993,0.5000,12.0230,0.3000,649.59,469.97,0.1444,0.4796,15,785
0.0020,0.9980,0.5000,12.0230,0.4000,648.8,410.29,0.1444,0.3597,15,786
0.0052,0.9948,0.5000,12.0230,0.5000,646.93,351.32,0.1444,0.2878,15,787
0.0109,0.9891,0.5000,12.0230,0.6000,642.94,293.57,0.1446,0.2399,60,788
0.0237,0.9763,0.5000,12.0230,0.7000,635.78,239.76,0.1444,0.2056,16,789
0.3843,0.6157,0.7000,1,0.1000,419.37,613.05,1.7373,17.3462,60,79
0.0431,0.9569,0.5000,12.0230,0.8000,623.92,190.68,0.1444,0.1796,60,790
0.0723,0.9277,0.5000,12.0230,0.9000,606.93,149.02,0.1444,0.1602,60,791
0.1062,0.8938,0.5000,12.0230,1,584.49,115.43,0.1444,0.1439,16,792
0.0021,0.9979,0.6000,12.0230,0.0100,650,644.02,0.1441,14.4060,60,793
5.7738e-05,0.9999,0.6000,12.0230,0.1000,649.97,589.96,0.1445,1.4405,19,794
2.7986e-04,0.9997,0.6000,12.0230,0.2000,649.84,529.95,0.1445,0.7203,37,795
9.8514e-04,0.9990,0.6000,12.0230,0.3000,649.43,470.04,0.1444,0.4798,15,796
0.0028,0.9972,0.6000,12.0230,0.4000,648.35,410.5,0.1444,0.3599,15,797
0.0068,0.9932,0.6000,12.0230,0.5000,645.93,351.85,0.1444,0.2879,15,798
0.0147,0.9853,0.6000,12.0230,0.6000,641.18,295.11,0.1445,0.2401,40,799
0.4617,0.5383,0,1,0.7000,373,423.94,1.7374,2.4822,60,8
0.4005,0.5995,0.7000,1,0.2000,409.74,578.04,1.7375,8.6730,60,80
0.0284,0.9716,0.6000,12.0230,0.7000,632.97,241.75,0.1445,0.2058,19,800
0.0487,0.9513,0.6000,12.0230,0.8000,620.2,193.58,0.1443,0.1800,60,801
0.0796,0.9204,0.6000,12.0230,0.9000,601.86,151.63,0.1448,0.1600,60,802
0.1133,0.8867,0.6000,12.0230,1,580.43,119.49,0.1444,0.1440,15,803
-2.4550e-05,1.0000,0.7000,12.0230,0.0100,650,644.01,0.1442,14.4119,60,804
8.0333e-05,0.9999,0.7000,12.0230,0.1000,649.96,589.96,0.1445,1.4410,18,805
3.9562e-04,0.9996,0.7000,12.0230,0.2000,649.77,529.97,0.1445,0.7206,19,806
0.0014,0.9986,0.7000,12.0230,0.3000,649.18,470.13,0.1445,0.4803,17,807
0.0038,0.9962,0.7000,12.0230,0.4000,647.7,410.86,0.1445,0.3603,60,808
0.0077,0.9923,0.7000,12.0230,0.5000,644.45,351.95,0.1446,0.2883,60,809
0.4162,0.5838,0.7000,1,0.3000,400.29,544.89,1.7376,5.7818,60,81
0.0187,0.9813,0.7000,12.0230,0.6000,638.79,296.55,0.1444,0.2401,16,810
0.0331,0.9669,0.7000,12.0230,0.7000,629.32,244,0.1440,0.2056,60,811
0.0572,0.9428,0.7000,12.0230,0.8000,615.72,197.27,0.1444,0.1800,15,812
0.0840,0.9160,0.7000,12.0230,0.9000,597.53,157.68,0.1440,0.1602,60,813
0.1222,0.8778,0.7000,12.0230,1,575.33,124.58,0.1445,0.1441,40,814
-3.7069e-06,1.0000,0.8000,12.0230,0.0100,649.99,644,0.1445,14.4181,60,815
1.0258e-04,0.9999,0.8000,12.0230,0.1000,649.94,589.97,0.1445,1.4418,60,816
5.6825e-04,0.9994,0.8000,12.0230,0.2000,649.66,530,0.1445,0.7209,24,817
0.0022,0.9978,0.8000,12.0230,0.3000,648.81,470.23,0.1444,0.4805,60,818
0.0055,0.9945,0.8000,12.0230,0.4000,646.75,411.16,0.1444,0.3602,15,819
0.4314,0.5686,0.7000,1,0.4000,391.18,513.55,1.7370,4.3364,60,82
0.0144,0.9856,0.8000,12.0230,0.5000,642.81,355.08,0.1442,0.2887,60,820
0.0240,0.9760,0.8000,12.0230,0.6000,635.6,298.49,0.1445,0.2403,26,821
0.0404,0.9596,0.8000,12.0230,0.7000,624.93,247.73,0.1441,0.2058,60,822
0.0652,0.9348,0.8000,12.0230,0.8000,609.67,200.99,0.1444,0.1800,60,823
0.0993,0.9007,0.8000,12.0230,0.9000,591.59,163.52,0.1447,0.1603,60,824
0.1330,0.8670,0.8000,12.0230,1,569.11,130.8,0.1445,0.1442,60,825
-3.1369e-06,1.0000,0.9000,12.0230,0.0100,649.99,644,0.1445,14.4224,37,826
1.4485e-04,0.9999,0.9000,12.0230,0.1000,649.91,589.97,0.1445,1.4422,20,827
8.6702e-04,0.9991,0.9000,12.0230,0.2000,649.49,530.02,0.1444,0.7208,16,828
0.0030,0.9970,0.9000,12.0230,0.3000,648.22,470.4,0.1444,0.4804,15,829
0.4465,0.5535,0.7000,1,0.5000,382.15,483.9,1.7375,3.4693,60,83
0.0100,0.9900,0.9000,12.0230,0.4000,645.56,413.91,0.1440,0.3610,60,830
0.0160,0.9840,0.9000,12.0230,0.5000,639.9,354.94,0.1445,0.2886,60,831
0.0310,0.9690,0.9000,12.0230,0.6000,631.42,300.95,0.1444,0.2402,15,832
0.0522,0.9478,0.9000,12.0230,0.7000,619.48,252.29,0.1441,0.2060,60,833
0.0798,0.9202,0.9000,12.0230,0.8000,603.78,208.24,0.1443,0.1797,60,834
0.1087,0.8913,0.9000,12.0230,0.9000,583.51,169.31,0.1442,0.1603,60,835
0.1464,0.8536,0.9000,12.0230,1,562.15,138.65,0.1444,0.1442,60,836
-0.0039,1.0039,1,12.0230,0.0100,649.99,644.02,0.1434,14.4487,60,837
1.1212e-04,0.9999,1,12.0230,0.1000,649.86,590,0.1445,1.4446,17,838
0.0017,0.9983,1,12.0230,0.2000,649.19,530.31,0.1444,0.7225,60,839
0.4610,0.5390,0.7000,1,0.6000,373.45,455.93,1.7372,2.8911,60,84
0.0054,0.9946,1,12.0230,0.3000,647.3,471.19,0.1443,0.4817,60,840
0.0149,0.9851,1,12.0230,0.4000,643.43,414.26,0.1445,0.3619,60,841
0.0218,0.9782,1,12.0230,0.5000,636.21,356.53,0.1447,0.2894,60,842
0.0389,0.9611,1,12.0230,0.6000,625.92,304.37,0.1443,0.2408,60,843
0.0633,0.9367,1,12.0230,0.7000,612.22,256.63,0.1445,0.2065,60,844
0.0925,0.9075,1,12.0230,0.8000,594.51,213.9,0.1446,0.1806,60,845
0.1248,0.8752,1,12.0230,0.9000,576.66,179.21,0.1442,0.1609,60,846
0.1627,0.8373,1,12.0230,1,552.08,146.02,0.1446,0.1444,60,847
-5.9823e-04,1.0006,0,18.1970,0.0100,650,644.03,0.0950,9.5464,60,848
6.0323e-04,0.9994,0,18.1970,0.1000,650,590.09,0.0954,0.9545,60,849
0.4753,0.5247,0.7000,1,0.7000,364.95,429.53,1.7377,2.4782,60,85
8.0845e-04,0.9992,0,18.1970,0.2000,650,530.31,0.0953,0.4770,60,850
0.0068,0.9932,0,18.1970,0.3000,650,471.43,0.0953,0.3182,60,851
-2.5233e-04,1.0003,0,18.1970,0.4000,649.99,410.78,0.0952,0.2391,60,852
-0.0039,1.0039,0,18.1970,0.5000,649.96,347.72,0.0958,0.1910,60,853
2.5246e-04,0.9997,0,18.1970,0.6000,649.84,290.08,0.0954,0.1590,15,854
0.0010,0.9990,0,18.1970,0.7000,649.18,230.3,0.0951,0.1348,60,855
0.0056,0.9944,0,18.1970,0.8000,646.59,170.95,0.0957,0.1190,60,856
0.0174,0.9826,0,18.1970,0.9000,637.56,119.05,0.0953,0.1056,60,857
0.0485,0.9515,0,18.1970,1,618.99,81.528,0.0955,0.0954,60,858
4.2646e-04,0.9996,0.1000,18.1970,0.0100,650,644,0.0954,9.4754,60,859
0.4889,0.5111,0.7000,1,0.8000,356.67,404.64,1.7371,2.1659,20,86
0.0013,0.9987,0.1000,18.1970,0.1000,650,590.04,0.0954,0.9475,60,860
-3.3100e-04,1.0003,0.1000,18.1970,0.2000,650,529.35,0.0958,0.4738,60,861
1.1176e-05,1.0000,0.1000,18.1970,0.3000,650,469.79,0.0955,0.3158,18,862
2.8810e-05,1.0000,0.1000,18.1970,0.4000,649.99,409.75,0.0954,0.2368,17,863
1.0003e-04,0.9999,0.1000,18.1970,0.5000,649.95,349.75,0.0954,0.1894,16,864
3.8409e-04,0.9996,0.1000,18.1970,0.6000,649.78,289.86,0.0954,0.1579,17,865
0.0036,0.9964,0.1000,18.1970,0.7000,649.06,230.81,0.0956,0.1358,60,866
0.0098,0.9902,0.1000,18.1970,0.8000,646.17,173.9,0.0955,0.1188,60,867
0.0215,0.9785,0.1000,18.1970,0.9000,637.16,121.43,0.0953,0.1051,14,868
0.0537,0.9463,0.1000,18.1970,1,619.6,86.442,0.0949,0.0949,60,869
0.5021,0.4979,0.7000,1,0.9000,348.54,381.22,1.7367,1.9273,60,87
-8.2350e-04,1.0008,0.2000,18.1970,0.0100,650,643.99,0.0954,9.4961,60,870
3.2449e-06,1.0000,0.2000,18.1970,0.1000,650,589.93,0.0955,0.9496,20,871
6.8108e-06,1.0000,0.2000,18.1970,0.2000,650,529.86,0.0955,0.4748,20,872
2.2839e-05,1.0000,0.2000,18.1970,0.3000,650,469.8,0.0954,0.3164,16,873
5.6238e-05,0.9999,0.2000,18.1970,0.4000,649.98,409.75,0.0954,0.2372,15,874
1.6623e-04,0.9998,0.2000,18.1970,0.5000,649.92,349.76,0.0954,0.1898,15,875
6.6414e-04,0.9993,0.2000,18.1970,0.6000,649.62,289.94,0.0954,0.1582,15,876
0.0027,0.9973,0.2000,18.1970,0.7000,648.43,230.83,0.0954,0.1356,15,877
0.0029,0.9971,0.2000,18.1970,0.8000,644.26,173.84,0.0949,0.1189,60,878
0.0271,0.9729,0.2000,18.1970,0.9000,633.79,124.45,0.0953,0.1054,14,879
0.5141,0.4859,0.7000,1,1,340.81,359.17,1.7371,1.7326,19,88
0.0607,0.9393,0.2000,18.1970,1,612.9,88.051,0.0952,0.0952,60,880
-5.3467e-04,1.0005,0.3000,18.1970,0.0100,650,644,0.0954,9.5046,60,881
2.7353e-06,1.0000,0.3000,18.1970,0.1000,650,589.95,0.0955,0.9502,20,882
-0.0030,1.0030,0.3000,18.1970,0.2000,650,529.53,0.0955,0.4751,60,883
-0.0082,1.0082,0.3000,18.1970,0.3000,649.99,467.88,0.0957,0.3167,60,884
9.3209e-05,0.9999,0.3000,18.1970,0.4000,649.97,409.78,0.0954,0.2374,15,885
8.4792e-04,0.9992,0.3000,18.1970,0.5000,649.85,350.32,0.0954,0.1900,60,886
0.0011,0.9989,0.3000,18.1970,0.6000,649.33,290.13,0.0954,0.1583,16,887
0.0043,0.9957,0.3000,18.1970,0.7000,647.47,231.5,0.0953,0.1355,14,888
0.0127,0.9873,0.3000,18.1970,0.8000,641.85,175.49,0.0957,0.1191,60,889
0.3696,0.6304,0.8000,1,0.0100,428.29,646.22,1.7370,173.5047,60,89
0.0341,0.9659,0.3000,18.1970,0.9000,629.57,128.26,0.0953,0.1054,14,890
0.0663,0.9337,0.3000,18.1970,1,606.77,91.165,0.0947,0.0947,60,891
-1.9109e-05,1.0000,0.4000,18.1970,0.0100,650,643.99,0.0955,9.5108,32,892
8.1860e-06,1.0000,0.4000,18.1970,0.1000,650,589.95,0.0955,0.9511,20,893
-0.0029,1.0029,0.4000,18.1970,0.2000,650,529.26,0.0957,0.4755,60,894
-0.0061,1.0061,0.4000,18.1970,0.3000,649.99,467.31,0.0962,0.3170,60,895
1.3088e-04,0.9999,0.4000,18.1970,0.4000,649.95,409.81,0.0954,0.2376,15,896
-1.4544e-04,1.0001,0.4000,18.1970,0.5000,649.74,349.75,0.0954,0.1902,60,897
0.0018,0.9982,0.4000,18.1970,0.6000,648.95,290.38,0.0954,0.1585,16,898
0.0060,0.9940,0.4000,18.1970,0.7000,646.42,232.27,0.0954,0.1358,15,899
0.4746,0.5254,0,1,0.8000,365.27,397.8,1.7370,2.1707,60,9
0.3849,0.6151,0.8000,1,0.1000,419.08,613.09,1.7372,17.3505,60,90
0.0170,0.9830,0.4000,18.1970,0.8000,639.85,177.92,0.0953,0.1187,14,900
0.0396,0.9604,0.4000,18.1970,0.9000,626.27,131.23,0.0953,0.1055,14,901
0.0732,0.9268,0.4000,18.1970,1,604.02,95.914,0.0955,0.0951,19,902
-0.0111,1.0111,0.5000,18.1970,0.0100,650,643.87,0.0964,9.5142,60,903
6.6909e-06,1.0000,0.5000,18.1970,0.1000,650,589.95,0.0955,0.9514,30,904
4.6738e-05,1.0000,0.5000,18.1970,0.2000,650,529.89,0.0954,0.4753,15,905
7.2241e-05,0.9999,0.5000,18.1970,0.3000,649.98,469.85,0.0954,0.3169,15,906
0.0062,0.9938,0.5000,18.1970,0.4000,649.91,410.91,0.0956,0.2379,60,907
-0.0019,1.0019,0.5000,18.1970,0.5000,649.55,347.2,0.0960,0.1903,60,908
0.0026,0.9974,0.5000,18.1970,0.6000,648.47,290.68,0.0955,0.1586,27,909
0.4014,0.5986,0.8000,1,0.2000,409.23,578.17,1.7370,8.6747,60,91
0.0079,0.9921,0.5000,18.1970,0.7000,645.29,233.06,0.0954,0.1358,15,910
0.0210,0.9790,0.5000,18.1970,0.8000,638.07,181.32,0.0952,0.1189,60,911
0.0442,0.9558,0.5000,18.1970,0.9000,623.5,133.7,0.0953,0.1056,14,912
0.0782,0.9218,0.5000,18.1970,1,601.23,98.681,0.0953,0.0950,14,913
-1.9081e-05,1.0000,0.6000,18.1970,0.0100,650,644,0.0955,9.5182,38,914
6.6563e-06,1.0000,0.6000,18.1970,0.1000,650,589.96,0.0955,0.9518,20,915
0.0010,0.9990,0.6000,18.1970,0.2000,650,529.84,0.0956,0.4758,60,916
4.8600e-04,0.9995,0.6000,18.1970,0.3000,649.97,468.89,0.0960,0.3173,60,917
2.9900e-04,0.9997,0.6000,18.1970,0.4000,649.84,409.89,0.0954,0.2378,15,918
0.0011,0.9989,0.6000,18.1970,0.5000,649.34,350.13,0.0954,0.1903,16,919
0.4175,0.5825,0.8000,1,0.3000,399.5,545.14,1.7372,5.7783,34,92
0.0027,0.9973,0.6000,18.1970,0.6000,647.73,289.76,0.0957,0.1586,60,920
0.0110,0.9890,0.6000,18.1970,0.7000,643.97,235.44,0.0952,0.1360,60,921
0.0263,0.9737,0.6000,18.1970,0.8000,635.94,183.12,0.0953,0.1187,60,922
0.0497,0.9503,0.6000,18.1970,0.9000,620.19,136.69,0.0954,0.1057,15,923
0.0842,0.9158,0.6000,18.1970,1,597.88,102.04,0.0954,0.0951,15,924
0.0019,0.9981,0.7000,18.1970,0.0100,650,644,0.0955,9.5221,60,925
0.0024,0.9976,0.7000,18.1970,0.1000,650,590.05,0.0955,0.9522,60,926
2.5613e-05,1.0000,0.7000,18.1970,0.2000,649.99,529.92,0.0955,0.4761,60,927
1.0805e-04,0.9999,0.7000,18.1970,0.3000,649.94,469.9,0.0955,0.3174,24,928
-7.6945e-04,1.0008,0.7000,18.1970,0.4000,649.71,408.8,0.0957,0.2380,60,929
0.4330,0.5670,0.8000,1,0.4000,390.13,513.96,1.7368,4.3379,60,93
2.6557e-04,0.9997,0.7000,18.1970,0.5000,648.96,352.12,0.0948,0.1903,60,930
0.0055,0.9945,0.7000,18.1970,0.6000,646.72,291.76,0.0954,0.1586,15,931
0.0184,0.9816,0.7000,18.1970,0.7000,642.24,239.5,0.0950,0.1360,60,932
0.0303,0.9697,0.7000,18.1970,0.8000,631.81,184.38,0.0955,0.1190,20,933
0.0541,0.9459,0.7000,18.1970,0.9000,615.7,139.86,0.0952,0.1057,60,934
0.0892,0.9108,0.7000,18.1970,1,592.8,105.9,0.0955,0.0952,60,935
-2.8295e-05,1.0000,0.8000,18.1970,0.0100,650,644,0.0955,9.5262,37,936
2.1794e-06,1.0000,0.8000,18.1970,0.1000,650,589.96,0.0955,0.9526,24,937
5.0017e-05,0.9999,0.8000,18.1970,0.2000,649.98,529.93,0.0954,0.4761,16,938
2.2041e-04,0.9998,0.8000,18.1970,0.3000,649.89,469.92,0.0954,0.3173,15,939
0.4486,0.5514,0.8000,1,0.5000,380.91,484.47,1.7381,3.4699,60,94
8.6005e-04,0.9991,0.8000,18.1970,0.4000,649.49,410.07,0.0955,0.2382,60,940
0.0020,0.9980,0.8000,18.1970,0.5000,648.22,349.13,0.0957,0.1904,60,941
0.0083,0.9917,0.8000,18.1970,0.6000,645.04,292.8,0.0955,0.1588,60,942
0.0181,0.9819,0.8000,18.1970,0.7000,639.38,244.14,0.0951,0.1368,60,943
0.0381,0.9619,0.8000,18.1970,0.8000,627.15,188.12,0.0955,0.1191,60,944
0.0679,0.9321,0.8000,18.1970,0.9000,608.11,141.88,0.0961,0.1057,60,945
0.1021,0.8979,0.8000,18.1970,1,591.19,117.16,0.0953,0.0956,60,946
-0.0020,1.0020,0.9000,18.1970,0.0100,650,643.98,0.0956,9.5292,60,947
0.0055,0.9945,0.9000,18.1970,0.1000,650,590.09,0.0958,0.9529,60,948
-0.0019,1.0019,0.9000,18.1970,0.2000,649.97,529.24,0.0959,0.4766,60,949
0.4632,0.5368,0.8000,1,0.6000,372.08,456.7,1.7373,2.8916,60,95
-0.0015,1.0015,0.9000,18.1970,0.3000,649.78,469.23,0.0957,0.3177,60,950
0.0016,0.9984,0.9000,18.1970,0.4000,649.06,410.22,0.0955,0.2382,29,951
0.0044,0.9956,0.9000,18.1970,0.5000,646.96,350.78,0.0956,0.1905,60,952
0.0125,0.9875,0.9000,18.1970,0.6000,642.37,294.04,0.0958,0.1589,60,953
0.0265,0.9735,0.9000,18.1970,0.7000,634.08,240.94,0.0955,0.1362,60,954
0.0499,0.9501,0.9000,18.1970,0.8000,621.07,193.71,0.0957,0.1191,60,955
0.0787,0.9213,0.9000,18.1970,0.9000,602.79,152.32,0.0954,0.1058,15,956
0.1127,0.8873,0.9000,18.1970,1,580.02,119.89,0.0951,0.0953,60,957
5.7850e-04,0.9994,1,18.1970,0.0100,650,643.99,0.0957,9.5465,60,958
0.0058,0.9942,1,18.1970,0.1000,650,590.12,0.0958,0.9549,60,959
0.4775,0.5225,0.8000,1,0.7000,363.5,430.52,1.7371,2.4763,19,96
0.0019,0.9981,1,18.1970,0.2000,649.93,530.37,0.0953,0.4773,60,960
7.3243e-04,0.9993,1,18.1970,0.3000,649.53,469.81,0.0957,0.3185,60,961
0.0030,0.9970,1,18.1970,0.4000,648.19,411.11,0.0955,0.2392,60,962
0.0071,0.9929,1,18.1970,0.5000,644.79,351.53,0.0956,0.1908,60,963
0.0193,0.9807,1,18.1970,0.6000,638.43,296.95,0.0955,0.1591,60,964
0.0359,0.9641,1,18.1970,0.7000,628.42,246.7,0.0951,0.1364,60,965
0.0618,0.9382,1,18.1970,0.8000,612.9,199.68,0.0955,0.1193,60,966
0.0940,0.9060,1,18.1970,0.9000,593.63,160.73,0.0955,0.1061,60,967
0.1318,0.8682,1,18.1970,1,570.92,129.09,0.0955,0.0955,60,968
0.0025,0.9975,0,27.5420,0.0100,650,644.03,0.0629,6.3072,60,969
0.4914,0.5086,0.8000,1,0.8000,355.14,405.86,1.7372,2.1669,25,97
-1.6206e-04,1.0002,0,27.5420,0.1000,650,589.99,0.0631,0.6307,20,970
-1.2668e-04,1.0001,0,27.5420,0.2000,650,529.98,0.0631,0.3154,19,971
-1.0388e-04,1.0001,0,27.5420,0.3000,650,469.98,0.0631,0.2102,16,972
-0.0083,1.0083,0,27.5420,0.4000,650,407.02,0.0635,0.1588,60,973
2.3457e-04,0.9998,0,27.5420,0.5000,650,348.83,0.0633,0.1263,60,974
-4.5365e-05,1.0000,0,27.5420,0.6000,650,289.97,0.0630,0.1050,14,975
4.1305e-05,1.0000,0,27.5420,0.7000,649.95,230.01,0.0630,0.0900,14,976
-0.0014,1.0014,0,27.5420,0.8000,649.45,168.31,0.0633,0.0789,60,977
0.0047,0.9953,0,27.5420,0.9000,646.03,112.78,0.0632,0.0703,60,978
0.0303,0.9697,0,27.5420,1,631.35,74.71,0.0629,0.0631,60,979
0.5049,0.4951,0.8000,1,0.9000,347.04,382.63,1.7370,1.9259,18,98
-0.0018,1.0018,0.1000,27.5420,0.0100,650,643.96,0.0633,6.2604,60,980
7.2915e-07,1.0000,0.1000,27.5420,0.1000,650,589.91,0.0631,0.6260,20,981
5.1875e-04,0.9995,0.1000,27.5420,0.2000,650,529.93,0.0630,0.3130,60,982
-0.0041,1.0041,0.1000,27.5420,0.3000,650,468.29,0.0633,0.2086,60,983
2.5170e-05,1.0000,0.1000,27.5420,0.4000,650,409.69,0.0631,0.1565,16,984
0.0035,0.9965,0.1000,27.5420,0.5000,650,351.64,0.0629,0.1252,60,985
5.5390e-05,0.9999,0.1000,27.5420,0.6000,649.99,289.65,0.0630,0.1043,15,986
1.3380e-04,0.9999,0.1000,27.5420,0.7000,649.92,229.74,0.0631,0.0894,18,987
0.0013,0.9987,0.1000,27.5420,0.8000,649.3,170.29,0.0630,0.0781,14,988
0.0089,0.9911,0.1000,27.5420,0.9000,645.55,116.01,0.0629,0.0699,60,989
0.5175,0.4825,0.8000,1,1,339.18,360.83,1.7370,1.7351,60,99
0.0308,0.9692,0.1000,27.5420,1,627.26,72.688,0.0630,0.0625,14,990
-1.4609e-05,1.0000,0.2000,27.5420,0.0100,650,643.99,0.0631,6.2741,29,991
6.9807e-06,1.0000,0.2000,27.5420,0.1000,650,589.93,0.0631,0.6273,18,992
1.9831e-05,1.0000,0.2000,27.5420,0.2000,650,529.85,0.0631,0.3136,16,993
3.2220e-05,1.0000,0.2000,27.5420,0.3000,650,469.78,0.0630,0.2090,15,994
0.0051,0.9949,0.2000,27.5420,0.4000,650,413.58,0.0624,0.1569,60,995
1.0203e-05,1.0000,0.2000,27.5420,0.5000,650,349.69,0.0631,0.1255,20,996
-3.4582e-04,1.0003,0.2000,27.5420,0.6000,649.98,287.31,0.0635,0.1046,60,997
3.3935e-04,0.9997,0.2000,27.5420,0.7000,649.83,229.77,0.0630,0.0895,14,998
0.0023,0.9977,0.2000,27.5420,0.8000,648.68,170.77,0.0630,0.0783,14,999
