ineff,eff,alpha,NTU,C_r,T_C_out,T_H_out,m_dot_C,m_dot_H,ConvSteps,run
0.3692,0.6308,0,1,0.0100,428.49,646.22,1.7369,173.7006,60,1
0.4874,0.5126,0,1,0.9000,357.55,373.23,1.7372,1.9300,60,10
0.3697,0.6303,0.9000,1,0.0100,428.32,646.22,1.7367,173.5418,60,100
0.0050,0.9950,0.2000,39.8110,0.9000,646.84,116.77,0.0433,0.0482,60,1000
0.0276,0.9724,0.2000,39.8110,1,626.01,68.236,0.0440,0.0433,60,1001
-8.9102e-04,1.0009,0.3000,39.8110,0.0100,650,643.99,0.0436,4.3432,38,1002
-4.8560e-04,1.0005,0.3000,39.8110,0.1000,650,589.92,0.0436,0.4343,38,1003
-0.0063,1.0063,0.3000,39.8110,0.2000,650,528.93,0.0437,0.2172,60,1004
0.0032,0.9968,0.3000,39.8110,0.3000,650,468.33,0.0441,0.1448,60,1005
7.0182e-04,0.9993,0.3000,39.8110,0.4000,650,410.96,0.0435,0.1086,60,1006
0.0066,0.9934,0.3000,39.8110,0.5000,650,353.72,0.0434,0.0869,60,1007
0.0031,0.9969,0.3000,39.8110,0.6000,650,286.8,0.0441,0.0724,60,1008
-0.0077,1.0077,0.3000,39.8110,0.7000,649.94,229.86,0.0433,0.0620,60,1009
0.3856,0.6144,0.9000,1,0.1000,418.72,613.12,1.7376,17.3541,60,101
0.0014,0.9986,0.3000,39.8110,0.8000,649.17,170.34,0.0436,0.0543,24,1010
0.0107,0.9893,0.3000,39.8110,0.9000,643.64,115.49,0.0436,0.0482,14,1011
0.0408,0.9592,0.3000,39.8110,1,622.95,74.148,0.0439,0.0435,60,1012
-0.0012,1.0012,0.4000,39.8110,0.0100,650,644.04,0.0432,4.3472,60,1013
6.1500e-04,0.9994,0.4000,39.8110,0.1000,650,589.95,0.0437,0.4347,60,1014
-0.0121,1.0121,0.4000,39.8110,0.2000,650,527.15,0.0441,0.2174,60,1015
-6.0999e-04,1.0006,0.4000,39.8110,0.3000,650,469.71,0.0436,0.1449,60,1016
-3.1807e-05,1.0000,0.4000,39.8110,0.4000,650,409.74,0.0436,0.1085,14,1017
-0.0110,1.0110,0.4000,39.8110,0.5000,650,347.09,0.0435,0.0869,60,1018
-0.0137,1.0137,0.4000,39.8110,0.6000,649.98,281.93,0.0439,0.0724,60,1019
0.4024,0.5976,0.9000,1,0.2000,408.59,578.3,1.7367,8.6771,60,102
0.0036,0.9964,0.4000,39.8110,0.7000,649.84,229.89,0.0438,0.0621,60,1020
0.0034,0.9966,0.4000,39.8110,0.8000,648.54,172.22,0.0436,0.0544,60,1021
0.0136,0.9864,0.4000,39.8110,0.9000,640.52,116.31,0.0437,0.0483,60,1022
0.0498,0.9502,0.4000,39.8110,1,624.33,84.667,0.0433,0.0434,60,1023
-0.0015,1.0015,0.5000,39.8110,0.0100,650,643.99,0.0436,4.3488,40,1024
-0.0045,1.0045,0.5000,39.8110,0.1000,650,590,0.0434,0.4349,60,1025
-3.3042e-04,1.0003,0.5000,39.8110,0.2000,650,529.86,0.0436,0.2174,60,1026
0.0058,0.9942,0.5000,39.8110,0.3000,650,471.31,0.0435,0.1450,60,1027
-0.0089,1.0089,0.5000,39.8110,0.4000,650,404.9,0.0441,0.1087,60,1028
-5.9109e-05,1.0001,0.5000,39.8110,0.5000,650,349.73,0.0436,0.0870,19,1029
0.4188,0.5812,0.9000,1,0.3000,398.73,545.43,1.7363,5.7845,60,103
8.7933e-05,0.9999,0.5000,39.8110,0.6000,649.97,289.69,0.0436,0.0724,14,1030
6.1681e-04,0.9994,0.5000,39.8110,0.7000,649.66,229.9,0.0436,0.0620,14,1031
-0.0018,1.0018,0.5000,39.8110,0.8000,647.36,168.2,0.0436,0.0544,60,1032
0.0174,0.9826,0.5000,39.8110,0.9000,638.87,118.72,0.0437,0.0483,60,1033
0.0483,0.9517,0.5000,39.8110,1,615.01,81.27,0.0433,0.0433,60,1034
-0.0121,1.0121,0.6000,39.8110,0.0100,650,643.88,0.0440,4.3506,60,1035
0.0023,0.9977,0.6000,39.8110,0.1000,650,590.02,0.0437,0.4351,60,1036
-3.4773e-04,1.0003,0.6000,39.8110,0.2000,650,529.85,0.0436,0.2172,14,1037
-0.0020,1.0020,0.6000,39.8110,0.3000,650,468.44,0.0439,0.1450,60,1038
-0.0037,1.0037,0.6000,39.8110,0.4000,650,403.15,0.0447,0.1088,60,1039
0.4349,0.5651,0.9000,1,0.4000,389.03,514.38,1.7370,4.3387,60,104
0.0041,0.9959,0.6000,39.8110,0.5000,649.99,347.88,0.0441,0.0870,60,1040
-0.0051,1.0051,0.6000,39.8110,0.6000,649.94,296.76,0.0426,0.0724,60,1041
2.6307e-04,0.9997,0.6000,39.8110,0.7000,649.24,226.26,0.0441,0.0622,60,1042
0.0053,0.9947,0.6000,39.8110,0.8000,646.23,173.03,0.0436,0.0544,60,1043
0.0339,0.9661,0.6000,39.8110,0.9000,636.44,124.11,0.0440,0.0484,60,1044
0.0573,0.9427,0.6000,39.8110,1,614.7,86.102,0.0436,0.0435,60,1045
-0.0098,1.0098,0.7000,39.8110,0.0100,650,644.02,0.0430,4.3524,60,1046
-0.0014,1.0014,0.7000,39.8110,0.1000,650,590.4,0.0433,0.4352,60,1047
0.0057,0.9943,0.7000,39.8110,0.2000,650,530.92,0.0435,0.2176,60,1048
-2.3435e-04,1.0002,0.7000,39.8110,0.3000,650,469.84,0.0436,0.1451,60,1049
0.4506,0.5494,0.9000,1,0.5000,379.76,485.14,1.7374,3.4708,60,105
0.0021,0.9979,0.7000,39.8110,0.4000,650,410.71,0.0436,0.1087,60,1050
-0.0017,1.0017,0.7000,39.8110,0.5000,649.97,346.77,0.0441,0.0871,60,1051
0.0087,0.9913,0.7000,39.8110,0.6000,649.83,297.28,0.0432,0.0726,60,1052
5.9774e-04,0.9994,0.7000,39.8110,0.7000,648.51,227.49,0.0440,0.0620,60,1053
0.0157,0.9843,0.7000,39.8110,0.8000,644.8,179.01,0.0435,0.0548,60,1054
0.0331,0.9669,0.7000,39.8110,0.9000,630.8,123.09,0.0437,0.0482,60,1055
0.0651,0.9349,0.7000,39.8110,1,611.12,93.215,0.0435,0.0434,60,1056
8.5027e-04,0.9991,0.8000,39.8110,0.0100,650,643.98,0.0438,4.3543,60,1057
-0.0057,1.0057,0.8000,39.8110,0.1000,650,590.67,0.0431,0.4357,60,1058
-0.0017,1.0017,0.8000,39.8110,0.2000,650,530.67,0.0437,0.2179,60,1059
0.4655,0.5345,0.9000,1,0.6000,370.69,457.58,1.7373,2.8924,60,106
-0.0117,1.0117,0.8000,39.8110,0.3000,650,468.32,0.0427,0.1448,60,1060
-0.0100,1.0100,0.8000,39.8110,0.4000,649.99,404.24,0.0442,0.1089,60,1061
-0.0069,1.0069,0.8000,39.8110,0.5000,649.92,349.91,0.0430,0.0869,60,1062
-8.9391e-04,1.0009,0.8000,39.8110,0.6000,649.41,289.53,0.0435,0.0726,60,1063
0.0046,0.9954,0.8000,39.8110,0.7000,647.24,231.69,0.0436,0.0622,15,1064
0.0156,0.9844,0.8000,39.8110,0.8000,640.61,177.3,0.0436,0.0544,60,1065
0.0406,0.9594,0.8000,39.8110,0.9000,626.48,132.22,0.0436,0.0483,60,1066
0.0761,0.9239,0.8000,39.8110,1,603.45,97.87,0.0438,0.0434,60,1067
-0.0026,1.0026,0.9000,39.8110,0.0100,650,643.98,0.0436,4.3556,27,1068
-0.0028,1.0028,0.9000,39.8110,0.1000,650,589.6,0.0437,0.4353,60,1069
0.4800,0.5200,0.9000,1,0.7000,361.98,431.58,1.7371,2.4770,19,107
-0.0014,1.0014,0.9000,39.8110,0.2000,650,528.9,0.0438,0.2175,60,1070
0.0109,0.9891,0.9000,39.8110,0.3000,650,471.88,0.0436,0.1452,60,1071
-0.0049,1.0049,0.9000,39.8110,0.4000,649.97,407.96,0.0439,0.1089,60,1072
-0.0130,1.0130,0.9000,39.8110,0.5000,649.69,344.68,0.0440,0.0871,60,1073
0.0050,0.9950,0.9000,39.8110,0.6000,648.64,292.35,0.0435,0.0730,60,1074
0.0032,0.9968,0.9000,39.8110,0.7000,644.21,231.38,0.0435,0.0622,60,1075
0.0241,0.9759,0.9000,39.8110,0.8000,636.69,186.39,0.0437,0.0548,60,1076
0.0492,0.9508,0.9000,39.8110,0.9000,617.85,136.42,0.0436,0.0486,60,1077
0.0845,0.9155,0.9000,39.8110,1,591.8,103.15,0.0437,0.0434,60,1078
-1.8449e-04,1.0002,1,39.8110,0.0100,650,644,0.0436,4.3639,60,1079
0.4939,0.5061,0.9000,1,0.8000,353.57,407.2,1.7364,2.1679,60,108
-1.6785e-04,1.0002,1,39.8110,0.1000,650,590.45,0.0434,0.4365,60,1080
0.0109,0.9891,1,39.8110,0.2000,650,530.28,0.0439,0.2180,60,1081
4.0334e-04,0.9996,1,39.8110,0.3000,649.99,469.35,0.0437,0.1453,60,1082
0.0051,0.9949,1,39.8110,0.4000,649.86,409,0.0440,0.1093,60,1083
0.0012,0.9988,1,39.8110,0.5000,649.09,350.38,0.0436,0.0873,60,1084
0.0011,0.9989,1,39.8110,0.6000,646.45,293.28,0.0432,0.0729,60,1085
0.0171,0.9829,1,39.8110,0.7000,639.59,237.24,0.0436,0.0623,60,1086
0.0377,0.9623,1,39.8110,0.8000,627.14,188.2,0.0436,0.0545,16,1087
0.0694,0.9306,1,39.8110,0.9000,611.22,150.45,0.0436,0.0486,60,1088
0.0974,0.9026,1,39.8110,1,587.27,118.78,0.0429,0.0433,60,1089
0.5078,0.4922,0.9000,1,0.9000,345.34,384.13,1.7372,1.9270,60,109
-0.0188,1.0188,0,63.0960,0.0100,650,643.78,0.0280,2.7533,60,1090
0.0014,0.9986,0,63.0960,0.1000,650,590.37,0.0274,0.2750,60,1091
6.7800e-04,0.9993,0,63.0960,0.2000,650,529.41,0.0277,0.1380,60,1092
0.0096,0.9904,0,63.0960,0.3000,650,473.68,0.0272,0.0920,60,1093
-4.9932e-04,1.0005,0,63.0960,0.4000,650,410.57,0.0275,0.0686,60,1094
-0.0013,1.0013,0,63.0960,0.5000,650,349.58,0.0275,0.0550,14,1095
-0.0069,1.0069,0,63.0960,0.6000,650,282.28,0.0279,0.0463,60,1096
-7.8750e-04,1.0008,0,63.0960,0.7000,650,229.66,0.0275,0.0393,15,1097
-0.0068,1.0068,0,63.0960,0.8000,650,170.38,0.0274,0.0343,60,1098
0.0058,0.9942,0,63.0960,0.9000,649.95,120.41,0.0272,0.0313,60,1099
0.4999,0.5001,0,1,1,349.94,349.97,1.7372,1.7371,60,11
0.5201,0.4799,0.9000,1,1,337.36,362.5,1.7377,1.7342,60,110
0.0091,0.9909,0,63.0960,1,641.82,61.883,0.0277,0.0275,60,1100
-0.0029,1.0029,0.1000,63.0960,0.0100,650,643.85,0.0281,2.7327,60,1101
-0.0136,1.0136,0.1000,63.0960,0.1000,650,588.35,0.0279,0.2732,60,1102
0.0136,0.9864,0.1000,63.0960,0.2000,650,532.1,0.0274,0.1366,60,1103
-0.0078,1.0078,0.1000,63.0960,0.3000,650,468.02,0.0276,0.0910,60,1104
0.0011,0.9989,0.1000,63.0960,0.4000,650,408.59,0.0277,0.0683,60,1105
0.0026,0.9974,0.1000,63.0960,0.5000,650,368.59,0.0259,0.0547,60,1106
0.0083,0.9917,0.1000,63.0960,0.6000,650,300.61,0.0269,0.0456,60,1107
4.2443e-05,1.0000,0.1000,63.0960,0.7000,650,229.48,0.0275,0.0390,14,1108
-3.4300e-06,1.0000,0.1000,63.0960,0.8000,650,169.58,0.0275,0.0342,18,1109
0.3697,0.6303,1,1,0.0100,428.15,646.22,1.7372,173.7168,60,111
0.0012,0.9988,0.1000,63.0960,0.9000,649.73,110.88,0.0276,0.0305,60,1110
0.0041,0.9959,0.1000,63.0960,1,637.76,57.928,0.0278,0.0274,60,1111
0.0042,0.9958,0.2000,63.0960,0.0100,650,644.06,0.0273,2.7387,60,1112
-0.0017,1.0017,0.2000,63.0960,0.1000,650,590.6,0.0272,0.2739,60,1113
0.0063,0.9937,0.2000,63.0960,0.2000,650,530.75,0.0275,0.1369,60,1114
-1.3377e-05,1.0000,0.2000,63.0960,0.3000,650,470.33,0.0274,0.0913,60,1115
-7.3656e-04,1.0007,0.2000,63.0960,0.4000,650,409.65,0.0275,0.0685,60,1116
0.0033,0.9967,0.2000,63.0960,0.5000,650,353.7,0.0272,0.0546,60,1117
-0.0137,1.0137,0.2000,63.0960,0.6000,650,285.94,0.0274,0.0457,60,1118
-2.2919e-05,1.0000,0.2000,63.0960,0.7000,650,229.54,0.0275,0.0391,20,1119
0.3860,0.6140,1,1,0.1000,418.41,613.16,1.7372,17.3717,25,112
0.0057,0.9943,0.2000,63.0960,0.8000,649.98,173.25,0.0275,0.0342,60,1120
0.0041,0.9959,0.2000,63.0960,0.9000,648.93,111.83,0.0275,0.0303,60,1121
0.0239,0.9761,0.2000,63.0960,1,635.79,66.389,0.0276,0.0274,60,1122
0.0091,0.9909,0.3000,63.0960,0.0100,650,644.15,0.0271,2.7404,60,1123
-0.0011,1.0011,0.3000,63.0960,0.1000,650,589.89,0.0275,0.2740,37,1124
-5.4412e-04,1.0005,0.3000,63.0960,0.2000,650,529.83,0.0275,0.1370,60,1125
0.0103,0.9897,0.3000,63.0960,0.3000,650,474.69,0.0271,0.0913,60,1126
0.0013,0.9987,0.3000,63.0960,0.4000,650,409.1,0.0276,0.0685,60,1127
3.9971e-04,0.9996,0.3000,63.0960,0.5000,650,350.56,0.0275,0.0548,60,1128
0.0234,0.9766,0.3000,63.0960,0.6000,650,303.24,0.0271,0.0457,60,1129
0.4034,0.5966,1,1,0.2000,407.98,578.43,1.7368,8.6859,60,113
2.0974e-05,1.0000,0.3000,63.0960,0.7000,650,229.59,0.0275,0.0391,15,1130
-0.0123,1.0123,0.3000,63.0960,0.8000,649.84,164.04,0.0275,0.0342,60,1131
0.0051,0.9949,0.3000,63.0960,0.9000,647.05,112.38,0.0275,0.0304,13,1132
0.0321,0.9679,0.3000,63.0960,1,630.03,69.803,0.0278,0.0275,60,1133
0.0295,0.9705,0.4000,63.0960,0.0100,650,644.26,0.0271,2.7429,60,1134
-0.0194,1.0194,0.4000,63.0960,0.1000,650,589.54,0.0272,0.2743,60,1135
-6.2646e-04,1.0006,0.4000,63.0960,0.2000,650,529.83,0.0275,0.1371,19,1136
0.0188,0.9812,0.4000,63.0960,0.3000,650,472.04,0.0277,0.0914,60,1137
0.0087,0.9913,0.4000,63.0960,0.4000,650,411.26,0.0276,0.0686,60,1138
-0.0152,1.0152,0.4000,63.0960,0.5000,650,343.97,0.0277,0.0549,60,1139
0.4204,0.5796,1,1,0.3000,397.76,545.67,1.7372,5.7906,60,114
-0.0044,1.0044,0.4000,63.0960,0.6000,650,285.44,0.0277,0.0457,60,1140
-0.0033,1.0033,0.4000,63.0960,0.7000,649.98,226.3,0.0277,0.0391,60,1141
0.0040,0.9960,0.4000,63.0960,0.8000,649.55,169.55,0.0277,0.0343,60,1142
0.0150,0.9850,0.4000,63.0960,0.9000,644.85,111.76,0.0279,0.0305,60,1143
0.0337,0.9663,0.4000,63.0960,1,625.07,73.117,0.0280,0.0275,60,1144
-0.0011,1.0011,0.5000,63.0960,0.0100,650,644.01,0.0274,2.7439,60,1145
-9.7429e-04,1.0010,0.5000,63.0960,0.1000,650,589.19,0.0279,0.2744,60,1146
0.0056,0.9944,0.5000,63.0960,0.2000,650,527.45,0.0281,0.1371,60,1147
0.0048,0.9952,0.5000,63.0960,0.3000,650,472.84,0.0272,0.0915,60,1148
0.0213,0.9787,0.5000,63.0960,0.4000,650,417.34,0.0272,0.0686,60,1149
0.4367,0.5633,1,1,0.4000,387.96,514.81,1.7371,4.3428,20,115
-1.3069e-04,1.0001,0.5000,63.0960,0.5000,650,349.7,0.0275,0.0549,60,1150
-0.0119,1.0119,0.5000,63.0960,0.6000,650,289.19,0.0272,0.0457,60,1151
0.0025,0.9975,0.5000,63.0960,0.7000,649.94,234.26,0.0274,0.0393,60,1152
0.0048,0.9952,0.5000,63.0960,0.8000,649.01,169.06,0.0278,0.0345,60,1153
0.0252,0.9748,0.5000,63.0960,0.9000,642.9,116.48,0.0279,0.0305,60,1154
0.0426,0.9574,0.5000,63.0960,1,623.22,76.748,0.0280,0.0274,60,1155
0.0078,0.9922,0.6000,63.0960,0.0100,650,644.02,0.0276,2.7451,60,1156
-0.0085,1.0085,0.6000,63.0960,0.1000,650,590.35,0.0271,0.2745,60,1157
0.0236,0.9764,0.6000,63.0960,0.2000,650,535.06,0.0273,0.1374,60,1158
-0.0110,1.0110,0.6000,63.0960,0.3000,650,469.02,0.0274,0.0911,60,1159
0.4525,0.5475,1,1,0.5000,378.56,485.79,1.7369,3.4745,60,116
0.0084,0.9916,0.6000,63.0960,0.4000,650,415.11,0.0272,0.0686,60,1160
-0.0064,1.0064,0.6000,63.0960,0.5000,650,347.34,0.0276,0.0548,60,1161
1.3215e-05,1.0000,0.6000,63.0960,0.6000,649.99,289.68,0.0275,0.0456,13,1162
-0.0099,1.0099,0.6000,63.0960,0.7000,649.78,225.24,0.0276,0.0392,60,1163
-0.0065,1.0065,0.6000,63.0960,0.8000,647.39,158.54,0.0279,0.0341,60,1164
0.0199,0.9801,0.6000,63.0960,0.9000,639.52,116.14,0.0278,0.0306,60,1165
0.0516,0.9484,0.6000,63.0960,1,620.28,83.822,0.0274,0.0274,60,1166
0.0179,0.9821,0.7000,63.0960,0.0100,650,644.25,0.0268,2.7462,60,1167
0.0036,0.9964,0.7000,63.0960,0.1000,650,590.64,0.0274,0.2747,60,1168
-9.6843e-04,1.0010,0.7000,63.0960,0.2000,650,529.81,0.0275,0.1373,31,1169
0.4678,0.5322,1,1,0.6000,369.32,458.42,1.7371,2.8953,60,117
0.0062,0.9938,0.7000,63.0960,0.3000,650,476.84,0.0267,0.0916,60,1170
0.0224,0.9776,0.7000,63.0960,0.4000,650,420.53,0.0266,0.0685,60,1171
0.0010,0.9990,0.7000,63.0960,0.5000,650,348.28,0.0276,0.0545,60,1172
-0.0057,1.0057,0.7000,63.0960,0.6000,649.95,283.96,0.0275,0.0454,60,1173
7.9233e-04,0.9992,0.7000,63.0960,0.7000,649.47,230.08,0.0275,0.0392,60,1174
0.0042,0.9958,0.7000,63.0960,0.8000,646.25,172.29,0.0276,0.0345,60,1175
0.0239,0.9761,0.7000,63.0960,0.9000,636.39,125.96,0.0276,0.0308,60,1176
0.0590,0.9410,0.7000,63.0960,1,613.15,86.743,0.0275,0.0275,51,1177
-0.0056,1.0056,0.8000,63.0960,0.0100,650,643.96,0.0275,2.7474,60,1178
-1.8937e-04,1.0002,0.8000,63.0960,0.1000,650,589.39,0.0278,0.2748,60,1179
0.4825,0.5175,1,1,0.7000,360.5,432.68,1.7370,2.4818,60,118
-0.0011,1.0011,0.8000,63.0960,0.2000,650,529.8,0.0275,0.1374,60,1180
4.4021e-04,0.9996,0.8000,63.0960,0.3000,650,474.2,0.0270,0.0917,60,1181
-0.0058,1.0058,0.8000,63.0960,0.4000,650,412.69,0.0271,0.0687,60,1182
-0.0177,1.0177,0.8000,63.0960,0.5000,649.98,340.22,0.0277,0.0548,60,1183
1.5873e-04,0.9998,0.8000,63.0960,0.6000,649.81,289.86,0.0275,0.0458,60,1184
-0.0015,1.0015,0.8000,63.0960,0.7000,648.57,232.22,0.0276,0.0393,60,1185
0.0082,0.9918,0.8000,63.0960,0.8000,643.1,175.13,0.0274,0.0342,60,1186
0.0287,0.9713,0.8000,63.0960,0.9000,626.04,118.68,0.0276,0.0306,60,1187
0.0646,0.9354,0.8000,63.0960,1,603.53,92.56,0.0276,0.0272,60,1188
-0.0198,1.0198,0.9000,63.0960,0.0100,650,644,0.0269,2.7480,60,1189
0.4968,0.5032,1,1,0.8000,351.95,408.44,1.7370,2.1712,18,119
-0.0024,1.0024,0.9000,63.0960,0.1000,650,589.81,0.0275,0.2748,60,1190
-0.0148,1.0148,0.9000,63.0960,0.2000,650,527.11,0.0278,0.1374,60,1191
0.0204,0.9796,0.9000,63.0960,0.3000,650,478.96,0.0268,0.0916,60,1192
0.0094,0.9906,0.9000,63.0960,0.4000,650,414.93,0.0273,0.0688,60,1193
0.0078,0.9922,0.9000,63.0960,0.5000,649.95,356.92,0.0272,0.0551,60,1194
0.0034,0.9966,0.9000,63.0960,0.6000,649.21,289.27,0.0276,0.0454,60,1195
0.0124,0.9876,0.9000,63.0960,0.7000,646.2,231.65,0.0278,0.0390,60,1196
-0.0023,1.0023,0.9000,63.0960,0.8000,637.03,177.69,0.0270,0.0342,60,1197
0.0424,0.9576,0.9000,63.0960,0.9000,619.2,131.71,0.0275,0.0304,60,1198
0.0829,0.9171,0.9000,63.0960,1,601.9,107.8,0.0275,0.0273,60,1199
0.3692,0.6308,0.1000,1,0.0100,428.47,646.22,1.7370,172.9720,60,12
0.5105,0.4895,1,1,0.9000,343.68,385.68,1.7370,1.9305,60,120
7.9956e-04,0.9992,1,63.0960,0.0100,650,644.05,0.0273,2.7532,60,1200
-0.0309,1.0309,1,63.0960,0.1000,650,591.43,0.0261,0.2756,60,1201
-0.0017,1.0017,1,63.0960,0.2000,650,529.81,0.0275,0.1377,60,1202
0.0079,0.9921,1,63.0960,0.3000,650,473.21,0.0273,0.0919,60,1203
-0.0021,1.0021,1,63.0960,0.4000,649.96,407.91,0.0278,0.0690,60,1204
-0.0038,1.0038,1,63.0960,0.5000,649.56,352.35,0.0272,0.0549,60,1205
0.0035,0.9965,1,63.0960,0.6000,647.54,291.32,0.0275,0.0459,60,1206
0.0134,0.9866,1,63.0960,0.7000,641.65,235.7,0.0275,0.0393,60,1207
0.0309,0.9691,1,63.0960,0.8000,628.32,182.11,0.0275,0.0344,60,1208
0.0723,0.9277,1,63.0960,0.9000,609.44,143.31,0.0277,0.0305,60,1209
0.5238,0.4762,1,1,1,335.73,364.31,1.7373,1.7373,60,121
0.0993,0.9007,1,63.0960,1,579.75,108.9,0.0276,0.0274,60,1210
0.0296,0.9704,0,100,0.0100,650,644.14,0.0175,1.7373,60,1211
0.0112,0.9888,0,100,0.1000,650,591.39,0.0172,0.1740,60,1212
0.0267,0.9733,0,100,0.2000,650,538.48,0.0166,0.0867,60,1213
-0.0097,1.0097,0,100,0.3000,650,464.87,0.0177,0.0580,60,1214
0.0047,0.9953,0,100,0.4000,650,415.34,0.0171,0.0432,60,1215
-0.0029,1.0029,0,100,0.5000,650,347.42,0.0175,0.0353,60,1216
-0.0133,1.0133,0,100,0.6000,650,274.44,0.0178,0.0288,60,1217
-9.0258e-04,1.0009,0,100,0.7000,650,229.62,0.0174,0.0248,60,1218
0.0329,0.9671,0,100,0.8000,650,195.72,0.0168,0.0214,60,1219
0.2067,0.7933,0,1.5849,0.0100,526.06,645.24,1.0962,109.5996,60,122
0.0125,0.9875,0,100,0.9000,649.99,119.59,0.0173,0.0193,60,1220
-0.0013,1.0013,0,100,1,644.75,58.526,0.0172,0.0175,60,1221
0.0100,0.9900,0.1000,100,0.0100,650,644.04,0.0174,1.7242,60,1222
-0.0278,1.0278,0.1000,100,0.1000,650,586.64,0.0178,0.1724,60,1223
0.0030,0.9970,0.1000,100,0.2000,650,527.72,0.0177,0.0861,60,1224
-0.0060,1.0060,0.1000,100,0.3000,650,467.43,0.0175,0.0575,60,1225
-0.0092,1.0092,0.1000,100,0.4000,650,404.99,0.0175,0.0431,60,1226
-8.9168e-04,1.0009,0.1000,100,0.5000,650,350.04,0.0173,0.0345,60,1227
-0.0103,1.0103,0.1000,100,0.6000,650,288.45,0.0172,0.0288,60,1228
0.0109,0.9891,0.1000,100,0.7000,650,227.47,0.0176,0.0246,60,1229
0.2215,0.7785,0,1.5849,0.1000,517.17,603.3,1.0959,10.9604,60,123
-0.0048,1.0048,0.1000,100,0.8000,650,166.14,0.0173,0.0215,60,1230
0.0228,0.9772,0.1000,100,0.9000,649.99,124.27,0.0173,0.0191,60,1231
0.0096,0.9904,0.1000,100,1,645.39,64.982,0.0174,0.0172,60,1232
-0.0455,1.0455,0.2000,100,0.0100,650,643.81,0.0171,1.7280,60,1233
-0.0019,1.0019,0.2000,100,0.1000,650,589.82,0.0174,0.1728,20,1234
0.0141,0.9859,0.2000,100,0.2000,650,527.91,0.0179,0.0864,60,1235
0.0153,0.9847,0.2000,100,0.3000,650,472.82,0.0173,0.0576,60,1236
-0.0063,1.0063,0.2000,100,0.4000,650,409.15,0.0173,0.0432,60,1237
0.0161,0.9839,0.2000,100,0.5000,650,360.88,0.0170,0.0346,60,1238
0.0197,0.9803,0.2000,100,0.6000,650,306.21,0.0169,0.0288,60,1239
0.2386,0.7614,0,1.5849,0.2000,506.65,558.57,1.0967,5.4801,60,124
-5.2380e-05,1.0001,0.2000,100,0.7000,650,229.49,0.0174,0.0247,26,1240
4.0792e-05,1.0000,0.2000,100,0.8000,650,169.52,0.0174,0.0216,14,1241
6.6613e-04,0.9993,0.2000,100,0.9000,649.67,109.95,0.0173,0.0192,13,1242
0.0109,0.9891,0.2000,100,1,634.22,59.134,0.0174,0.0173,60,1243
0.0113,0.9887,0.3000,100,0.0100,650,644.13,0.0172,1.7291,60,1244
0.0395,0.9605,0.3000,100,0.1000,650,592.96,0.0172,0.1729,60,1245
-0.0055,1.0055,0.3000,100,0.2000,650,529.02,0.0174,0.0865,60,1246
-0.0133,1.0133,0.3000,100,0.3000,650,472.95,0.0169,0.0577,60,1247
0.0432,0.9568,0.3000,100,0.4000,650,424.73,0.0170,0.0432,60,1248
2.8591e-05,1.0000,0.3000,100,0.5000,650,347.23,0.0175,0.0346,60,1249
0.2560,0.7440,0,1.5849,0.3000,496.2,516.08,1.0960,3.6538,60,125
0.0041,0.9959,0.3000,100,0.6000,650,297.07,0.0171,0.0288,60,1250
0.0104,0.9896,0.3000,100,0.7000,650,239.74,0.0171,0.0247,60,1251
-0.0213,1.0213,0.3000,100,0.8000,649.97,171.25,0.0170,0.0215,60,1252
-0.0078,1.0078,0.3000,100,0.9000,647.36,96.883,0.0177,0.0193,60,1253
0.0356,0.9644,0.3000,100,1,646.04,93.889,0.0168,0.0172,60,1254
-0.0113,1.0113,0.4000,100,0.0100,650,643.96,0.0173,1.7307,60,1255
-0.0239,1.0239,0.4000,100,0.1000,650,587.52,0.0177,0.1731,60,1256
-0.0198,1.0198,0.4000,100,0.2000,650,529.86,0.0170,0.0865,60,1257
-0.0080,1.0080,0.4000,100,0.3000,650,470.24,0.0172,0.0577,60,1258
-0.0407,1.0407,0.4000,100,0.4000,650,395.97,0.0177,0.0433,60,1259
0.2741,0.7259,0,1.5849,0.4000,485.59,475.84,1.0956,2.7400,60,126
-0.0072,1.0072,0.4000,100,0.5000,650,344.78,0.0175,0.0346,60,1260
0.0086,0.9914,0.4000,100,0.6000,650,303.25,0.0169,0.0290,60,1261
0.0204,0.9796,0.4000,100,0.7000,650,246.97,0.0170,0.0249,60,1262
-0.0043,1.0043,0.4000,100,0.8000,649.73,162.85,0.0176,0.0217,60,1263
-0.0243,1.0243,0.4000,100,0.9000,646.17,103.67,0.0171,0.0192,60,1264
0.0457,0.9543,0.4000,100,1,637.68,86.71,0.0169,0.0170,60,1265
0.0105,0.9895,0.5000,100,0.0100,650,644.22,0.0169,1.7313,60,1266
-0.0058,1.0058,0.5000,100,0.1000,650,588.91,0.0175,0.1731,60,1267
-0.0125,1.0125,0.5000,100,0.2000,650,528.28,0.0174,0.0866,60,1268
0.0302,0.9698,0.5000,100,0.3000,650,478.53,0.0169,0.0577,60,1269
0.2927,0.7073,0,1.5849,0.5000,474.47,437.77,1.0963,2.1920,60,127
4.6382e-04,0.9995,0.5000,100,0.4000,650,406.11,0.0175,0.0431,60,1270
-3.2950e-04,1.0003,0.5000,100,0.5000,650,349.64,0.0174,0.0346,60,1271
-3.5774e-05,1.0000,0.5000,100,0.6000,650,289.58,0.0173,0.0288,13,1272
0.0257,0.9743,0.5000,100,0.7000,649.99,242.09,0.0171,0.0247,60,1273
9.6495e-04,0.9990,0.5000,100,0.8000,649.4,170.15,0.0174,0.0216,60,1274
0.0038,0.9962,0.5000,100,0.9000,642,108.41,0.0174,0.0192,60,1275
0.0266,0.9734,0.5000,100,1,621.05,72.209,0.0172,0.0174,60,1276
0.0079,0.9921,0.6000,100,0.0100,650,644.09,0.0172,1.7320,60,1277
-0.0474,1.0474,0.6000,100,0.1000,650,590.51,0.0164,0.1731,60,1278
-0.0846,1.0846,0.6000,100,0.2000,650,527.77,0.0163,0.0866,60,1279
0.3113,0.6887,0,1.5849,0.6000,463.12,401.99,1.0962,1.8264,60,128
-0.0085,1.0085,0.6000,100,0.3000,650,464.6,0.0177,0.0577,60,1280
1.4225e-04,0.9999,0.6000,100,0.4000,650,408.86,0.0174,0.0432,60,1281
-3.4767e-04,1.0003,0.6000,100,0.5000,650,349.61,0.0173,0.0346,13,1282
0.0250,0.9750,0.6000,100,0.6000,650,320.97,0.0163,0.0289,60,1283
0.0350,0.9650,0.6000,100,0.7000,649.89,231.57,0.0180,0.0248,60,1284
0.0032,0.9968,0.6000,100,0.8000,647.96,163.27,0.0176,0.0216,60,1285
0.0097,0.9903,0.6000,100,0.9000,640.61,122.17,0.0171,0.0191,60,1286
0.0407,0.9593,0.6000,100,1,611.81,74.202,0.0176,0.0172,60,1287
-0.0046,1.0046,0.7000,100,0.0100,650,643.99,0.0173,1.7327,60,1288
0.0291,0.9709,0.7000,100,0.1000,650,595.51,0.0164,0.1734,60,1289
0.3301,0.6699,0,1.5849,0.7000,451.89,368.67,1.0961,1.5656,60,129
-0.0268,1.0268,0.7000,100,0.2000,650,528.06,0.0172,0.0866,60,1290
-5.6904e-05,1.0001,0.7000,100,0.3000,650,472.38,0.0171,0.0578,60,1291
-0.0173,1.0173,0.7000,100,0.4000,650,407.21,0.0172,0.0431,60,1292
0.0036,0.9964,0.7000,100,0.5000,650,351.28,0.0171,0.0345,60,1293
-0.0032,1.0032,0.7000,100,0.6000,649.97,283.13,0.0173,0.0288,60,1294
0.0050,0.9950,0.7000,100,0.7000,649.58,233.36,0.0172,0.0247,60,1295
-0.0128,1.0128,0.7000,100,0.8000,646.95,177.54,0.0174,0.0220,60,1296
-0.0324,1.0324,0.7000,100,0.9000,636.7,123.8,0.0166,0.0194,60,1297
0.0446,0.9554,0.7000,100,1,601.52,79.49,0.0175,0.0173,60,1298
-0.0020,1.0020,0.8000,100,0.0100,650,644.14,0.0170,1.7336,60,1299
0.3816,0.6184,0.1000,1,0.1000,421.06,612.89,1.7374,17.2970,60,13
0.3492,0.6508,0,1.5849,0.8000,440.59,337.53,1.0962,1.3699,60,130
-2.6434e-04,1.0003,0.8000,100,0.1000,650,588.8,0.0177,0.1733,60,1300
0.0362,0.9638,0.8000,100,0.2000,650,539.11,0.0166,0.0866,60,1301
-0.0089,1.0089,0.8000,100,0.3000,650,469.09,0.0174,0.0579,60,1302
-0.0410,1.0410,0.8000,100,0.4000,650,406.36,0.0169,0.0431,60,1303
-0.0029,1.0029,0.8000,100,0.5000,649.99,352.49,0.0175,0.0349,60,1304
0.0389,0.9611,0.8000,100,0.6000,649.85,288.13,0.0174,0.0281,60,1305
0.0619,0.9381,0.8000,100,0.7000,648.78,243.23,0.0181,0.0249,60,1306
0.0139,0.9861,0.8000,100,0.8000,643.12,182.74,0.0172,0.0214,60,1307
0.0299,0.9701,0.8000,100,0.9000,629.29,129.6,0.0172,0.0190,60,1308
0.0638,0.9362,0.8000,100,1,614.54,110.81,0.0170,0.0177,60,1309
0.3679,0.6321,0,1.5849,0.9000,429.33,308.86,1.0959,1.2193,60,131
-0.0059,1.0059,0.9000,100,0.0100,650,643.8,0.0177,1.7336,60,1310
0.0284,0.9716,0.9000,100,0.1000,650,591.38,0.0174,0.1732,60,1311
0.0067,0.9933,0.9000,100,0.2000,650,531.96,0.0170,0.0865,60,1312
-0.0124,1.0124,0.9000,100,0.3000,650,471.32,0.0170,0.0578,60,1313
-0.0022,1.0022,0.9000,100,0.4000,650,407.19,0.0176,0.0431,60,1314
0.0030,0.9970,0.9000,100,0.5000,649.95,353.19,0.0173,0.0346,60,1315
0.0035,0.9965,0.9000,100,0.6000,649.32,301.51,0.0170,0.0288,60,1316
0.0161,0.9839,0.9000,100,0.7000,645.14,224.35,0.0178,0.0248,60,1317
-0.0135,1.0135,0.9000,100,0.8000,637.87,187.26,0.0166,0.0216,60,1318
0.0279,0.9721,0.9000,100,0.9000,613.97,130.18,0.0170,0.0191,60,1319
0.3870,0.6130,0,1.5849,1,417.92,282.06,1.0961,1.0960,60,132
0.1030,0.8970,0.9000,100,1,599.08,113.97,0.0174,0.0174,60,1320
-0.0065,1.0065,1,100,0.0100,650,644.07,0.0170,1.7371,60,1321
-0.0019,1.0019,1,100,0.1000,650,590.35,0.0173,0.1738,60,1322
-0.0048,1.0048,1,100,0.2000,650,528.2,0.0176,0.0869,60,1323
-0.0047,1.0047,1,100,0.3000,650,465.22,0.0177,0.0577,60,1324
-0.0031,1.0031,1,100,0.4000,649.96,407.19,0.0175,0.0433,60,1325
0.0089,0.9911,1,100,0.5000,649.62,363.04,0.0172,0.0349,60,1326
0.0190,0.9810,1,100,0.6000,647.61,301.67,0.0172,0.0289,60,1327
0.0149,0.9851,1,100,0.7000,640.66,238.57,0.0173,0.0246,60,1328
0.0296,0.9704,1,100,0.8000,627.09,188.24,0.0173,0.0220,60,1329
0.2066,0.7934,0.1000,1.5849,0.0100,526.03,645.24,1.0961,109.1552,60,133
0.1019,0.8981,1,100,0.9000,605.75,150.89,0.0178,0.0192,60,1330
0.1140,0.8860,1,100,1,577.94,115.9,0.0175,0.0174,60,1331
0.2217,0.7783,0.1000,1.5849,0.1000,516.88,603.29,1.0963,10.9156,60,134
0.2390,0.7610,0.1000,1.5849,0.2000,506.57,558.67,1.0961,5.4396,30,135
0.2568,0.7432,0.1000,1.5849,0.3000,495.82,516.2,1.0961,3.6361,60,136
0.2751,0.7249,0.1000,1.5849,0.4000,484.9,476,1.0961,2.7283,60,137
0.2937,0.7063,0.1000,1.5849,0.5000,473.72,438.05,1.0963,2.1828,60,138
0.3125,0.6875,0.1000,1.5849,0.6000,462.52,402.48,1.0961,1.8190,30,139
0.3952,0.6048,0.1000,1,0.2000,412.83,577.42,1.7373,8.6488,60,14
0.3314,0.6686,0.1000,1.5849,0.7000,451.15,369.19,1.0961,1.5591,30,140
0.3504,0.6496,0.1000,1.5849,0.8000,439.74,338.2,1.0961,1.3642,29,141
0.3692,0.6308,0.1000,1.5849,0.9000,428.34,309.51,1.0957,1.2128,60,142
0.3857,0.6143,0.1000,1.5849,1,417,282.99,1.0961,1.0914,29,143
0.2067,0.7933,0.2000,1.5849,0.0100,525.99,645.24,1.0961,109.0292,37,144
0.2223,0.7777,0.2000,1.5849,0.1000,516.61,603.35,1.0957,10.9288,60,145
0.2403,0.7597,0.2000,1.5849,0.2000,505.82,558.84,1.0960,5.4644,60,146
0.2587,0.7413,0.2000,1.5849,0.3000,494.89,516.61,1.0957,3.6429,60,147
0.2774,0.7226,0.2000,1.5849,0.4000,483.56,476.56,1.0961,2.7257,30,148
0.2962,0.7038,0.2000,1.5849,0.5000,472.19,438.91,1.0957,2.1858,60,149
0.4089,0.5911,0.1000,1,0.3000,404.7,543.59,1.7372,5.7658,60,15
0.3154,0.6846,0.2000,1.5849,0.6000,460.69,403.57,1.0960,1.8172,28,150
0.3348,0.6652,0.2000,1.5849,0.7000,449.11,370.57,1.0962,1.5612,60,151
0.3539,0.6461,0.2000,1.5849,0.8000,437.57,339.85,1.0961,1.3659,60,152
0.3731,0.6269,0.2000,1.5849,0.9000,426.13,311.43,1.0961,1.2143,60,153
0.3888,0.6112,0.2000,1.5849,1,414.78,285.2,1.0963,1.0903,39,154
0.2067,0.7933,0.3000,1.5849,0.0100,525.99,645.24,1.0958,109.3202,60,155
0.2234,0.7766,0.3000,1.5849,0.1000,516.1,603.4,1.0960,10.9321,60,156
0.2419,0.7581,0.3000,1.5849,0.2000,504.71,559.02,1.0961,5.4661,60,157
0.2616,0.7384,0.3000,1.5849,0.3000,493.31,516.98,1.0969,3.6440,60,158
0.2804,0.7196,0.3000,1.5849,0.4000,481.72,477.28,1.0961,2.7329,60,159
0.4223,0.5777,0.1000,1,0.4000,396.54,511.37,1.7370,4.3244,60,16
0.2999,0.7001,0.3000,1.5849,0.5000,470.05,439.95,1.0961,2.1819,28,160
0.3195,0.6805,0.3000,1.5849,0.6000,458.32,404.99,1.0961,1.8182,20,161
0.3391,0.6609,0.3000,1.5849,0.7000,446.6,372.38,1.0961,1.5617,60,162
0.3585,0.6415,0.3000,1.5849,0.8000,434.84,341.99,1.0964,1.3665,60,163
0.3778,0.6222,0.3000,1.5849,0.9000,423.26,313.92,1.0964,1.2147,60,164
0.3939,0.6061,0.3000,1.5849,1,411.93,288.03,1.0961,1.0910,25,165
0.2070,0.7930,0.4000,1.5849,0.0100,525.85,645.24,1.0963,109.3726,60,166
0.2241,0.7759,0.4000,1.5849,0.1000,515.47,603.44,1.0960,10.9381,60,167
0.2435,0.7565,0.4000,1.5849,0.2000,503.88,559.27,1.0954,5.4689,60,168
0.2634,0.7366,0.4000,1.5849,0.3000,491.87,517.4,1.0961,3.6459,60,169
0.4358,0.5642,0.1000,1,0.5000,388.46,480.74,1.7373,3.4595,60,17
0.2833,0.7167,0.4000,1.5849,0.4000,480.07,478.02,1.0959,2.7346,60,170
0.3034,0.6966,0.4000,1.5849,0.5000,467.99,440.97,1.0963,2.1875,60,171
0.3233,0.6767,0.4000,1.5849,0.6000,455.93,406.27,1.0966,1.8230,60,172
0.3431,0.6569,0.4000,1.5849,0.7000,444.11,374.04,1.0963,1.5625,60,173
0.3625,0.6375,0.4000,1.5849,0.8000,432.46,344.11,1.0957,1.3672,60,174
0.3820,0.6180,0.4000,1.5849,0.9000,420.79,316.31,1.0960,1.2152,60,175
0.3998,0.6002,0.4000,1.5849,1,409.51,290.71,1.0956,1.0935,60,176
0.2070,0.7930,0.5000,1.5849,0.0100,525.81,645.24,1.0961,109.2376,39,177
0.2253,0.7747,0.5000,1.5849,0.1000,514.94,603.49,1.0965,10.9398,60,178
0.2455,0.7545,0.5000,1.5849,0.2000,502.76,559.42,1.0964,5.4699,60,179
0.4492,0.5508,0.1000,1,0.6000,380.51,451.7,1.7371,2.8830,60,18
0.2658,0.7342,0.5000,1.5849,0.3000,490.59,517.84,1.0959,3.6466,60,180
0.2862,0.7138,0.5000,1.5849,0.4000,478.27,478.67,1.0961,2.7348,60,181
0.3066,0.6934,0.5000,1.5849,0.5000,466.06,441.94,1.0961,2.1847,20,182
0.3268,0.6732,0.5000,1.5849,0.6000,453.92,407.61,1.0960,1.8205,19,183
0.3468,0.6532,0.5000,1.5849,0.7000,441.9,375.64,1.0960,1.5604,19,184
0.3666,0.6334,0.5000,1.5849,0.8000,430.05,345.97,1.0959,1.3674,60,185
0.3862,0.6138,0.5000,1.5849,0.9000,418.33,318.43,1.0965,1.2156,60,186
0.4041,0.5959,0.5000,1.5849,1,406.89,293.07,1.0959,1.0941,60,187
0.2069,0.7931,0.6000,1.5849,0.0100,525.78,645.24,1.0957,109.4217,60,188
0.2261,0.7739,0.6000,1.5849,0.1000,514.39,603.55,1.0963,10.9422,60,189
0.4624,0.5376,0.1000,1,0.7000,372.53,424.16,1.7376,2.4711,60,19
0.2476,0.7524,0.6000,1.5849,0.2000,501.8,559.64,1.0968,5.4708,60,190
0.2682,0.7318,0.6000,1.5849,0.3000,489.2,518.3,1.0957,3.6474,60,191
0.2892,0.7108,0.6000,1.5849,0.4000,476.54,479.39,1.0961,2.7356,60,192
0.3098,0.6902,0.6000,1.5849,0.5000,464.12,443.02,1.0956,2.1883,60,193
0.3305,0.6695,0.6000,1.5849,0.6000,451.69,408.95,1.0960,1.8213,19,194
0.3508,0.6492,0.6000,1.5849,0.7000,439.53,377.29,1.0960,1.5610,18,195
0.3704,0.6296,0.6000,1.5849,0.8000,427.86,348.06,1.0951,1.3678,60,196
0.3902,0.6098,0.6000,1.5849,0.9000,415.84,320.72,1.0962,1.2160,60,197
0.4082,0.5918,0.6000,1.5849,1,404.23,295.47,1.0965,1.0944,60,198
0.2072,0.7928,0.7000,1.5849,0.0100,525.68,645.24,1.0961,109.4465,60,199
0.3814,0.6186,0,1,0.1000,421.16,612.89,1.7371,17.3720,60,2
0.4754,0.5246,0.1000,1,0.8000,364.73,398.16,1.7373,2.1623,60,20
0.2270,0.7730,0.7000,1.5849,0.1000,513.76,603.61,1.0961,10.9441,60,200
0.2488,0.7512,0.7000,1.5849,0.2000,500.56,559.86,1.0959,5.4725,60,201
0.2707,0.7293,0.7000,1.5849,0.3000,487.6,518.75,1.0958,3.6483,60,202
0.2921,0.7079,0.7000,1.5849,0.4000,474.54,480.1,1.0960,2.7361,60,203
0.3136,0.6864,0.7000,1.5849,0.5000,461.82,444.05,1.0961,2.1866,26,204
0.3346,0.6654,0.7000,1.5849,0.6000,449.3,410.42,1.0961,1.8240,60,205
0.3551,0.6449,0.7000,1.5849,0.7000,436.92,379.1,1.0961,1.5636,60,206
0.3753,0.6247,0.7000,1.5849,0.8000,424.87,350.05,1.0963,1.3681,60,207
0.3948,0.6052,0.7000,1.5849,0.9000,413.06,323.09,1.0962,1.2158,60,208
0.4128,0.5872,0.7000,1.5849,1,401.62,298.27,1.0960,1.0942,60,209
0.4884,0.5116,0.1000,1,0.9000,356.95,373.58,1.7382,1.9220,60,21
0.2073,0.7927,0.8000,1.5849,0.0100,525.65,645.24,1.0959,109.4737,60,210
0.2281,0.7719,0.8000,1.5849,0.1000,513.21,603.69,1.0958,10.9474,60,211
0.2510,0.7490,0.8000,1.5849,0.2000,499.4,560.1,1.0961,5.4688,31,212
0.2734,0.7266,0.8000,1.5849,0.3000,485.97,519.28,1.0953,3.6491,60,213
0.2957,0.7043,0.8000,1.5849,0.4000,472.52,480.97,1.0960,2.7368,60,214
0.3175,0.6825,0.8000,1.5849,0.5000,459.44,445.24,1.0959,2.1895,60,215
0.3388,0.6612,0.8000,1.5849,0.6000,446.7,411.99,1.0960,1.8246,60,216
0.3597,0.6403,0.8000,1.5849,0.7000,434.44,381.14,1.0957,1.5639,60,217
0.3801,0.6199,0.8000,1.5849,0.8000,422,352.33,1.0965,1.3685,60,218
0.3997,0.6003,0.8000,1.5849,0.9000,410.28,325.8,1.0960,1.2164,60,219
0.4987,0.5013,0.1000,1,1,349.52,350.5,1.7369,1.7296,60,22
0.4175,0.5825,0.8000,1.5849,1,398.7,301.18,1.0962,1.0938,39,220
0.2074,0.7926,0.9000,1.5849,0.0100,525.55,645.24,1.0960,109.4358,60,221
0.2292,0.7708,0.9000,1.5849,0.1000,512.32,603.74,1.0964,10.9435,60,222
0.2533,0.7467,0.9000,1.5849,0.2000,498.23,560.4,1.0961,5.4717,60,223
0.2766,0.7234,0.9000,1.5849,0.3000,484.18,519.79,1.0960,3.6479,60,224
0.2995,0.7005,0.9000,1.5849,0.4000,470.42,481.86,1.0961,2.7359,60,225
0.3217,0.6783,0.9000,1.5849,0.5000,457.03,446.5,1.0959,2.1885,60,226
0.3434,0.6566,0.9000,1.5849,0.6000,443.9,413.54,1.0963,1.8238,60,227
0.3648,0.6352,0.9000,1.5849,0.7000,431.26,383.04,1.0968,1.5630,60,228
0.3850,0.6150,0.9000,1.5849,0.8000,419.04,354.76,1.0961,1.3679,60,229
0.3694,0.6306,0.2000,1,0.0100,428.43,646.22,1.7376,173.2106,60,23
0.4046,0.5954,0.9000,1.5849,0.9000,407.2,328.6,1.0958,1.2168,60,230
0.4233,0.5767,0.9000,1.5849,1,395.66,304.35,1.0960,1.0947,60,231
0.2076,0.7924,1,1.5849,0.0100,525.5,645.25,1.0959,109.6082,60,232
0.2305,0.7695,1,1.5849,0.1000,511.68,603.82,1.0962,10.9611,60,233
0.2555,0.7445,1,1.5849,0.2000,496.9,560.66,1.0961,5.4803,60,234
0.2796,0.7204,1,1.5849,0.3000,482.29,520.3,1.0963,3.6532,60,235
0.3030,0.6970,1,1.5849,0.4000,468.18,482.73,1.0961,2.7402,27,236
0.3258,0.6742,1,1.5849,0.5000,454.51,447.74,1.0960,2.1919,18,237
0.3480,0.6520,1,1.5849,0.6000,441.15,415.2,1.0964,1.8266,20,238
0.3694,0.6306,1,1.5849,0.7000,428.27,385.04,1.0964,1.5656,60,239
0.3819,0.6181,0.2000,1,0.1000,420.88,612.92,1.7370,17.3211,60,24
0.3901,0.6099,1,1.5849,0.8000,415.88,357.14,1.0965,1.3704,60,240
0.4099,0.5901,1,1.5849,0.9000,404.25,331.49,1.0955,1.2178,60,241
0.4291,0.5709,1,1.5849,1,392.53,307.45,1.0957,1.0956,17,242
0.0824,0.9176,0,2.5119,0.0100,600.55,644.49,0.6916,69.1578,60,243
0.0946,0.9054,0,2.5119,0.1000,593.19,595.72,0.6910,6.9159,60,244
0.1101,0.8899,0,2.5119,0.2000,584.04,543.33,0.6909,3.4584,60,245
0.1272,0.8728,0,2.5119,0.3000,573.67,492.9,0.6916,2.3053,25,246
0.1459,0.8541,0,2.5119,0.4000,562.48,445.01,0.6916,1.7289,27,247
0.1660,0.8340,0,2.5119,0.5000,550.45,399.91,0.6913,1.3835,60,248
0.1876,0.8124,0,2.5119,0.6000,537.37,357.64,0.6916,1.1527,60,249
0.3959,0.6041,0.2000,1,0.2000,412.46,577.51,1.7371,8.6605,60,25
0.2109,0.7891,0,2.5119,0.7000,523.4,318.19,0.6921,0.9874,60,250
0.2349,0.7651,0,2.5119,0.8000,509.29,282.61,0.6918,0.8642,60,251
0.2595,0.7405,0,2.5119,0.9000,494.31,250.04,0.6917,0.7683,60,252
0.2849,0.7151,0,2.5119,1,479.32,220.94,0.6918,0.6919,60,253
0.0821,0.9179,0.1000,2.5119,0.0100,600.37,644.49,0.6922,68.8749,60,254
0.0952,0.9048,0.1000,2.5119,0.1000,592.92,595.7,0.6916,6.8872,60,255
0.1111,0.8889,0.1000,2.5119,0.2000,583.5,543.27,0.6919,3.4436,60,256
0.1284,0.8716,0.1000,2.5119,0.3000,573.13,493.06,0.6918,2.2957,60,257
0.1471,0.8529,0.1000,2.5119,0.4000,561.84,445.4,0.6912,1.7218,60,258
0.1677,0.8323,0.1000,2.5119,0.5000,549.58,400.37,0.6914,1.3775,60,259
0.4098,0.5902,0.2000,1,0.3000,404.11,543.78,1.7369,5.7735,60,26
0.1895,0.8105,0.1000,2.5119,0.6000,536.31,358.16,0.6916,1.1471,29,260
0.2126,0.7874,0.1000,2.5119,0.7000,522.53,319.31,0.6915,0.9838,60,261
0.2367,0.7633,0.1000,2.5119,0.8000,507.92,283.55,0.6916,0.8608,60,262
0.2613,0.7387,0.1000,2.5119,0.9000,493.1,251.27,0.6912,0.7651,60,263
0.2844,0.7156,0.1000,2.5119,1,478.27,222.43,0.6908,0.6887,60,264
0.0823,0.9177,0.2000,2.5119,0.0100,600.44,644.49,0.6916,68.9554,60,265
0.0959,0.9041,0.2000,2.5119,0.1000,592.43,595.74,0.6916,6.8793,36,266
0.1119,0.8881,0.2000,2.5119,0.2000,582.56,543.5,0.6910,3.4477,60,267
0.1307,0.8693,0.2000,2.5119,0.3000,571.62,493.46,0.6918,2.2986,60,268
0.1503,0.8497,0.2000,2.5119,0.4000,559.81,446.02,0.6916,1.7198,25,269
0.4236,0.5764,0.2000,1,0.4000,395.85,511.69,1.7369,4.3303,60,27
0.1713,0.8287,0.2000,2.5119,0.5000,547.26,401.57,0.6910,1.3793,60,270
0.1937,0.8063,0.2000,2.5119,0.6000,533.55,359.7,0.6916,1.1493,60,271
0.2173,0.7827,0.2000,2.5119,0.7000,519.81,321.55,0.6910,0.9851,60,272
0.2419,0.7581,0.2000,2.5119,0.8000,505.04,286.21,0.6914,0.8620,60,273
0.2668,0.7332,0.2000,2.5119,0.9000,489.71,254.07,0.6916,0.7661,60,274
0.2886,0.7114,0.2000,2.5119,1,474.58,225.39,0.6915,0.6879,36,275
0.0826,0.9174,0.3000,2.5119,0.0100,600.35,644.49,0.6919,68.9750,60,276
0.0966,0.9034,0.3000,2.5119,0.1000,591.76,595.81,0.6912,6.8976,60,277
0.1143,0.8857,0.3000,2.5119,0.2000,581.11,543.68,0.6917,3.4488,60,278
0.1338,0.8662,0.3000,2.5119,0.3000,569.69,494.05,0.6916,2.2945,29,279
0.4373,0.5627,0.2000,1,0.5000,387.58,481.2,1.7372,3.4641,60,28
0.1545,0.8455,0.3000,2.5119,0.4000,557.28,447.04,0.6916,1.7208,20,280
0.1762,0.8238,0.3000,2.5119,0.5000,543.96,402.85,0.6916,1.3795,60,281
0.2000,0.8000,0.3000,2.5119,0.6000,529.98,361.7,0.6922,1.1493,60,282
0.2237,0.7763,0.3000,2.5119,0.7000,515.35,323.8,0.6922,0.9856,60,283
0.2483,0.7517,0.3000,2.5119,0.8000,500.95,289.29,0.6913,0.8622,60,284
0.2736,0.7264,0.3000,2.5119,0.9000,485.8,257.82,0.6914,0.7662,60,285
0.2971,0.7029,0.3000,2.5119,1,470.42,229.31,0.6931,0.6899,60,286
0.0825,0.9175,0.4000,2.5119,0.0100,600.27,644.49,0.6917,69.0062,60,287
0.0980,0.9020,0.4000,2.5119,0.1000,591.12,595.91,0.6911,6.9008,60,288
0.1171,0.8829,0.4000,2.5119,0.2000,579.94,544.07,0.6914,3.4505,60,289
0.4509,0.5491,0.2000,1,0.6000,379.47,452.31,1.7374,2.8869,60,29
0.1376,0.8624,0.4000,2.5119,0.3000,567.78,494.7,0.6918,2.3004,60,290
0.1590,0.8410,0.4000,2.5119,0.4000,554.66,447.98,0.6921,1.7252,60,291
0.1812,0.8188,0.4000,2.5119,0.5000,541.07,404.37,0.6914,1.3780,38,292
0.2052,0.7948,0.4000,2.5119,0.6000,526.75,363.8,0.6917,1.1502,60,293
0.2295,0.7705,0.4000,2.5119,0.7000,511.97,326.36,0.6916,0.9859,60,294
0.2546,0.7454,0.4000,2.5119,0.8000,497.11,292.22,0.6915,0.8626,60,295
0.2803,0.7197,0.4000,2.5119,0.9000,482.27,261.33,0.6916,0.7668,60,296
0.3041,0.6959,0.4000,2.5119,1,466.73,233.24,0.6913,0.6902,60,297
0.0829,0.9171,0.5000,2.5119,0.0100,600.26,644.5,0.6916,69.0244,60,298
0.1000,0.9000,0.5000,2.5119,0.1000,590.46,595.98,0.6916,6.9025,60,299
0.3949,0.6051,0,1,0.2000,413.07,577.4,1.7370,8.6858,60,3
0.4642,0.5358,0.2000,1,0.7000,371.46,424.96,1.7371,2.4744,60,30
0.1192,0.8808,0.5000,2.5119,0.2000,578.46,544.27,0.6916,3.4462,35,300
0.1406,0.8594,0.5000,2.5119,0.3000,565.96,495.4,0.6910,2.3006,60,301
0.1625,0.8375,0.5000,2.5119,0.4000,552.12,448.97,0.6916,1.7256,60,302
0.1864,0.8136,0.5000,2.5119,0.5000,538.18,405.84,0.6915,1.3784,19,303
0.2107,0.7893,0.5000,2.5119,0.6000,523.83,365.96,0.6912,1.1505,60,304
0.2350,0.7650,0.5000,2.5119,0.7000,508.71,328.9,0.6911,0.9861,60,305
0.2607,0.7393,0.5000,2.5119,0.8000,493.61,295.04,0.6916,0.8616,24,306
0.2858,0.7142,0.5000,2.5119,0.9000,478.47,264.32,0.6912,0.7654,17,307
0.3088,0.6912,0.5000,2.5119,1,463.32,236.63,0.6913,0.6890,16,308
0.0832,0.9168,0.6000,2.5119,0.0100,600.31,644.5,0.6912,69.0399,60,309
0.4773,0.5227,0.2000,1,0.8000,363.6,399.13,1.7371,2.1651,60,31
0.1007,0.8993,0.6000,2.5119,0.1000,589.58,596.02,0.6916,6.8954,35,310
0.1215,0.8785,0.6000,2.5119,0.2000,576.96,544.58,0.6914,3.4523,60,311
0.1440,0.8560,0.6000,2.5119,0.3000,563.61,495.87,0.6916,2.2984,20,312
0.1671,0.8329,0.6000,2.5119,0.4000,549.67,450.19,0.6912,1.7260,60,313
0.1912,0.8088,0.6000,2.5119,0.5000,535.13,407.45,0.6912,1.3809,60,314
0.2162,0.7838,0.6000,2.5119,0.6000,520.35,367.92,0.6913,1.1509,60,315
0.2411,0.7589,0.6000,2.5119,0.7000,505.21,331.4,0.6911,0.9861,60,316
0.2664,0.7336,0.6000,2.5119,0.8000,489.67,297.81,0.6914,0.8626,60,317
0.2921,0.7079,0.6000,2.5119,0.9000,474.62,267.68,0.6917,0.7671,60,318
0.3161,0.6839,0.6000,2.5119,1,459.61,240.38,0.6914,0.6903,60,319
0.4902,0.5098,0.2000,1,0.9000,355.86,374.76,1.7368,1.9246,60,32
0.0836,0.9164,0.7000,2.5119,0.0100,600.25,644.5,0.6911,69.0558,60,320
0.1021,0.8979,0.7000,2.5119,0.1000,588.68,596.12,0.6915,6.9055,60,321
0.1245,0.8755,0.7000,2.5119,0.2000,575.4,544.95,0.6914,3.4527,60,322
0.1480,0.8520,0.7000,2.5119,0.3000,561.16,496.51,0.6920,2.3017,60,323
0.1727,0.8273,0.7000,2.5119,0.4000,546.53,451.17,0.6924,1.7262,60,324
0.1973,0.8027,0.7000,2.5119,0.5000,531.5,408.84,0.6924,1.3813,60,325
0.2231,0.7769,0.7000,2.5119,0.6000,516.32,369.79,0.6927,1.1509,60,326
0.2481,0.7519,0.7000,2.5119,0.7000,501.21,334.16,0.6916,0.9863,60,327
0.2735,0.7265,0.7000,2.5119,0.8000,485.91,301.2,0.6913,0.8619,16,328
0.2989,0.7011,0.7000,2.5119,0.9000,470.69,271.41,0.6916,0.7673,60,329
0.5015,0.4985,0.2000,1,1,348.11,351.75,1.7374,1.7321,60,33
0.3228,0.6772,0.7000,2.5119,1,455.46,244.29,0.6918,0.6904,60,330
0.0831,0.9169,0.8000,2.5119,0.0100,599.94,644.5,0.6918,69.0731,60,331
0.1037,0.8963,0.8000,2.5119,0.1000,587.77,596.21,0.6916,6.9073,60,332
0.1274,0.8726,0.8000,2.5119,0.2000,573.54,545.25,0.6916,3.4504,20,333
0.1521,0.8479,0.8000,2.5119,0.3000,558.74,497.33,0.6916,2.3004,28,334
0.1775,0.8225,0.8000,2.5119,0.4000,543.49,452.46,0.6919,1.7253,33,335
0.2027,0.7973,0.8000,2.5119,0.5000,528.13,410.96,0.6911,1.3816,60,336
0.2293,0.7707,0.8000,2.5119,0.6000,512.6,372.42,0.6917,1.1513,60,337
0.2550,0.7450,0.8000,2.5119,0.7000,497.01,337.02,0.6913,0.9855,16,338
0.2808,0.7192,0.8000,2.5119,0.8000,481.6,304.88,0.6914,0.8634,60,339
0.3693,0.6307,0.3000,1,0.0100,428.36,646.22,1.7372,173.2621,60,34
0.3061,0.6939,0.8000,2.5119,0.9000,465.93,275.1,0.6917,0.7674,60,340
0.3297,0.6703,0.8000,2.5119,1,451.32,248.62,0.6910,0.6896,15,341
0.0835,0.9165,0.9000,2.5119,0.0100,599.88,644.5,0.6916,69.0880,60,342
0.1064,0.8936,0.9000,2.5119,0.1000,586.83,596.34,0.6920,6.9088,60,343
0.1307,0.8693,0.9000,2.5119,0.2000,571.58,545.66,0.6916,3.4545,60,344
0.1566,0.8434,0.9000,2.5119,0.3000,556.01,498.13,0.6916,2.3010,20,345
0.1830,0.8170,0.9000,2.5119,0.4000,540.17,453.86,0.6916,1.7258,27,346
0.2096,0.7904,0.9000,2.5119,0.5000,524.25,412.79,0.6914,1.3803,17,347
0.2359,0.7641,0.9000,2.5119,0.6000,508.25,374.89,0.6915,1.1520,60,348
0.2628,0.7372,0.9000,2.5119,0.7000,492.43,340.2,0.6918,0.9867,60,349
0.3825,0.6175,0.3000,1,0.1000,420.5,612.94,1.7375,17.3262,60,35
0.2885,0.7115,0.9000,2.5119,0.8000,476.91,308.38,0.6913,0.8626,16,350
0.3141,0.6859,0.9000,2.5119,0.9000,461.39,279.43,0.6918,0.7676,60,351
0.3381,0.6619,0.9000,2.5119,1,446.64,253.32,0.6916,0.6907,60,352
0.0837,0.9163,1,2.5119,0.0100,599.76,644.5,0.6916,69.1578,37,353
0.1073,0.8927,1,2.5119,0.1000,585.64,596.44,0.6916,6.9158,33,354
0.1340,0.8660,1,2.5119,0.2000,569.55,546.12,0.6915,3.4582,60,355
0.1614,0.8386,1,2.5119,0.3000,553.15,499.05,0.6915,2.3051,19,356
0.1888,0.8112,1,2.5119,0.4000,536.93,455.45,0.6909,1.7291,60,357
0.2163,0.7837,1,2.5119,0.5000,520.26,414.99,0.6916,1.3837,60,358
0.2433,0.7567,1,2.5119,0.6000,503.97,377.71,0.6914,1.1530,60,359
0.3968,0.6032,0.3000,1,0.2000,411.81,577.62,1.7370,8.6631,60,36
0.2702,0.7298,1,2.5119,0.7000,487.86,343.49,0.6914,0.9878,17,360
0.2964,0.7036,1,2.5119,0.8000,472.13,312.27,0.6913,0.8641,17,361
0.3219,0.6781,1,2.5119,0.9000,456.81,283.84,0.6910,0.7678,16,362
0.3469,0.6531,1,2.5119,1,441.87,258.34,0.6918,0.6918,60,363
0.0200,0.9800,0,3.9811,0.0100,638.52,644.12,0.4361,43.6384,60,364
0.0253,0.9747,0,3.9811,0.1000,634.95,591.5,0.4365,4.3637,60,365
0.0334,0.9666,0,3.9811,0.2000,629.96,534.01,0.4364,2.1818,24,366
0.0439,0.9561,0,3.9811,0.3000,623.66,477.99,0.4362,1.4546,60,367
0.0569,0.9431,0,3.9811,0.4000,615.77,423.87,0.4360,1.0910,60,368
0.0728,0.9272,0,3.9811,0.5000,605.9,371.87,0.4362,0.8724,60,369
0.4111,0.5889,0.3000,1,0.3000,403.22,544,1.7371,5.7754,60,37
0.0936,0.9064,0,3.9811,0.6000,593.79,321.55,0.4367,0.7247,60,370
0.1157,0.8843,0,3.9811,0.7000,580.79,278.54,0.4364,0.6231,60,371
0.1412,0.8588,0,3.9811,0.8000,565.29,237.76,0.4363,0.5454,20,372
0.1697,0.8303,0,3.9811,0.9000,547.79,201.33,0.4362,0.4844,60,373
0.2009,0.7991,0,3.9811,1,530.06,170.9,0.4361,0.4365,60,374
0.0188,0.9812,0.1000,3.9811,0.0100,638.41,644.11,0.4365,43.4538,60,375
0.0255,0.9745,0.1000,3.9811,0.1000,634.84,591.53,0.4363,4.3456,60,376
0.0334,0.9666,0.1000,3.9811,0.2000,629.52,533.8,0.4370,2.1728,60,377
0.0447,0.9553,0.1000,3.9811,0.3000,623.26,478.25,0.4358,1.4485,60,378
0.0593,0.9407,0.1000,3.9811,0.4000,615.31,424.47,0.4358,1.0863,60,379
0.4254,0.5746,0.3000,1,0.4000,394.75,512.08,1.7373,4.3316,60,38
0.0745,0.9255,0.1000,3.9811,0.5000,604.83,372.16,0.4366,0.8690,60,380
0.0954,0.9046,0.1000,3.9811,0.6000,592.92,323.82,0.4368,0.7236,60,381
0.1178,0.8822,0.1000,3.9811,0.7000,579.32,279.4,0.4364,0.6187,24,382
0.1439,0.8561,0.1000,3.9811,0.8000,563.67,238.99,0.4363,0.5414,20,383
0.1723,0.8277,0.1000,3.9811,0.9000,546.02,202.98,0.4363,0.4827,60,384
0.2001,0.7999,0.1000,3.9811,1,527.57,172.01,0.4363,0.4345,60,385
0.0190,0.9810,0.2000,3.9811,0.0100,638.41,644.11,0.4362,43.4910,60,386
0.0256,0.9744,0.2000,3.9811,0.1000,634.43,591.49,0.4366,4.3506,60,387
0.0351,0.9649,0.2000,3.9811,0.2000,628.9,534.17,0.4364,2.1753,60,388
0.0473,0.9527,0.2000,3.9811,0.3000,621.83,478.36,0.4366,1.4503,60,389
0.4392,0.5608,0.3000,1,0.5000,386.49,481.81,1.7368,3.4652,60,39
0.0622,0.9378,0.2000,3.9811,0.4000,613.19,424.9,0.4363,1.0878,60,390
0.0788,0.9212,0.2000,3.9811,0.5000,602.17,373.21,0.4370,0.8701,60,391
0.0999,0.9001,0.2000,3.9811,0.6000,590.02,325.84,0.4364,0.7234,26,392
0.1230,0.8770,0.2000,3.9811,0.7000,575.85,282.05,0.4358,0.6215,60,393
0.1504,0.8496,0.2000,3.9811,0.8000,559.82,242.16,0.4363,0.5439,60,394
0.1794,0.8206,0.2000,3.9811,0.9000,542.53,207.07,0.4361,0.4834,60,395
0.2082,0.7918,0.2000,3.9811,1,523.7,176.27,0.4364,0.4351,60,396
0.0193,0.9807,0.3000,3.9811,0.0100,638.37,644.11,0.4366,43.5218,60,397
0.0257,0.9743,0.3000,3.9811,0.1000,633.92,591.45,0.4369,4.3522,60,398
0.0369,0.9631,0.3000,3.9811,0.2000,627.85,534.37,0.4364,2.1716,25,399
0.4085,0.5915,0,1,0.3000,404.88,543.5,1.7372,5.7890,60,4
0.4531,0.5469,0.3000,1,0.6000,378.15,453.1,1.7372,2.8877,60,40
0.0498,0.9502,0.3000,3.9811,0.3000,620.09,478.89,0.4363,1.4477,20,400
0.0653,0.9347,0.3000,3.9811,0.4000,610.31,425.32,0.4370,1.0879,60,401
0.0845,0.9155,0.3000,3.9811,0.5000,599.28,375.26,0.4363,0.8686,19,402
0.1064,0.8936,0.3000,3.9811,0.6000,586.15,328.22,0.4363,0.7238,18,403
0.1311,0.8689,0.3000,3.9811,0.7000,571.31,285.08,0.4363,0.6218,60,404
0.1593,0.8407,0.3000,3.9811,0.8000,554.88,245.89,0.4369,0.5438,60,405
0.1881,0.8119,0.3000,3.9811,0.9000,537.14,211.27,0.4366,0.4826,25,406
0.2151,0.7849,0.3000,3.9811,1,518.73,181.22,0.4362,0.4341,16,407
0.0193,0.9807,0.4000,3.9811,0.0100,638.33,644.11,0.4365,43.5393,60,408
0.0277,0.9723,0.4000,3.9811,0.1000,633.52,591.64,0.4364,4.3539,60,409
0.4666,0.5334,0.3000,1,0.7000,370,425.98,1.7373,2.4754,60,41
0.0393,0.9607,0.4000,3.9811,0.2000,626.75,534.67,0.4363,2.1766,60,410
0.0527,0.9473,0.4000,3.9811,0.3000,618.25,479.47,0.4363,1.4513,60,411
0.0701,0.9299,0.4000,3.9811,0.4000,608.1,426.87,0.4362,1.0888,60,412
0.0898,0.9102,0.4000,3.9811,0.5000,595.96,376.75,0.4365,0.8695,37,413
0.1128,0.8872,0.4000,3.9811,0.6000,582.35,330.5,0.4363,0.7244,17,414
0.1375,0.8625,0.4000,3.9811,0.7000,566.86,287.92,0.4361,0.6220,60,415
0.1660,0.8340,0.4000,3.9811,0.8000,550.42,249.58,0.4362,0.5432,16,416
0.1958,0.8042,0.4000,3.9811,0.9000,532.47,215.31,0.4367,0.4838,60,417
0.2249,0.7751,0.4000,3.9811,1,514.2,185.83,0.4360,0.4355,60,418
0.0197,0.9803,0.5000,3.9811,0.0100,638.26,644.11,0.4365,43.5511,60,419
0.4799,0.5201,0.3000,1,0.8000,362.06,400.36,1.7370,2.1658,60,42
0.0288,0.9712,0.5000,3.9811,0.1000,632.99,591.69,0.4365,4.3551,60,420
0.0408,0.9592,0.5000,3.9811,0.2000,625.48,534.84,0.4364,2.1775,60,421
0.0560,0.9440,0.5000,3.9811,0.3000,616.35,480.13,0.4361,1.4517,60,422
0.0745,0.9255,0.5000,3.9811,0.4000,605.41,427.74,0.4365,1.0889,60,423
0.0956,0.9044,0.5000,3.9811,0.5000,592.93,378.65,0.4363,0.8710,60,424
0.1196,0.8804,0.5000,3.9811,0.6000,578.71,332.96,0.4363,0.7248,27,425
0.1447,0.8553,0.5000,3.9811,0.7000,562.8,290.72,0.4364,0.6222,60,426
0.1733,0.8267,0.5000,3.9811,0.8000,545.97,253.05,0.4364,0.5444,60,427
0.2028,0.7972,0.5000,3.9811,0.9000,528.22,219.38,0.4364,0.4838,60,428
0.2317,0.7683,0.5000,3.9811,1,510.03,189.85,0.4367,0.4354,60,429
0.4930,0.5070,0.3000,1,0.9000,354.22,376.2,1.7374,1.9251,60,43
0.0195,0.9805,0.6000,3.9811,0.0100,638.2,644.11,0.4365,43.5610,60,430
0.0290,0.9710,0.6000,3.9811,0.1000,632.27,591.7,0.4366,4.3561,60,431
0.0431,0.9569,0.6000,3.9811,0.2000,624.17,535.13,0.4363,2.1753,29,432
0.0595,0.9405,0.6000,3.9811,0.3000,614.16,480.7,0.4363,1.4515,60,433
0.0789,0.9211,0.6000,3.9811,0.4000,602.59,429,0.4362,1.0891,60,434
0.1010,0.8990,0.6000,3.9811,0.5000,589.32,380.28,0.4363,0.8701,24,435
0.1264,0.8736,0.6000,3.9811,0.6000,574.59,335.35,0.4365,0.7260,60,436
0.1525,0.8475,0.6000,3.9811,0.7000,558.27,293.48,0.4369,0.6223,60,437
0.1808,0.8192,0.6000,3.9811,0.8000,541.51,256.7,0.4362,0.5436,16,438
0.2104,0.7896,0.6000,3.9811,0.9000,523.78,223.51,0.4360,0.4830,15,439
0.5044,0.4956,0.3000,1,1,346.51,353.45,1.7374,1.7327,60,44
0.2395,0.7605,0.6000,3.9811,1,505.54,194.5,0.4364,0.4355,60,440
0.0197,0.9803,0.7000,3.9811,0.0100,638.14,644.12,0.4364,43.5245,40,441
0.0306,0.9694,0.7000,3.9811,0.1000,631.54,591.76,0.4368,4.3571,60,442
0.0464,0.9536,0.7000,3.9811,0.2000,622.77,535.63,0.4360,2.1786,60,443
0.0636,0.9364,0.7000,3.9811,0.3000,611.85,481.36,0.4363,1.4506,18,444
0.0847,0.9153,0.7000,3.9811,0.4000,599.51,430.34,0.4361,1.0892,60,445
0.1074,0.8926,0.7000,3.9811,0.5000,585.44,382.37,0.4362,0.8713,60,446
0.1329,0.8671,0.7000,3.9811,0.6000,570.3,338.16,0.4358,0.7259,60,447
0.1605,0.8395,0.7000,3.9811,0.7000,553.72,297.29,0.4360,0.6213,15,448
0.1892,0.8108,0.7000,3.9811,0.8000,536.48,260.72,0.4360,0.5436,15,449
0.3694,0.6306,0.4000,1,0.0100,428.45,646.22,1.7368,173.3577,60,45
0.2188,0.7812,0.7000,3.9811,0.9000,518.43,228.15,0.4364,0.4839,60,450
0.2479,0.7521,0.7000,3.9811,1,500.36,199.29,0.4362,0.4357,60,451
0.0194,0.9806,0.8000,3.9811,0.0100,637.99,644.11,0.4369,43.5828,60,452
0.0318,0.9682,0.8000,3.9811,0.1000,630.77,591.93,0.4361,4.3582,60,453
0.0486,0.9514,0.8000,3.9811,0.2000,620.89,535.83,0.4364,2.1776,60,454
0.0673,0.9327,0.8000,3.9811,0.3000,609.18,482.26,0.4359,1.4517,60,455
0.0903,0.9097,0.8000,3.9811,0.4000,595.82,431.59,0.4363,1.0885,18,456
0.1147,0.8853,0.8000,3.9811,0.5000,581.07,384.43,0.4363,0.8711,60,457
0.1414,0.8586,0.8000,3.9811,0.6000,565.19,340.78,0.4360,0.7251,15,458
0.1694,0.8306,0.8000,3.9811,0.7000,548.35,301.48,0.4363,0.6225,60,459
0.3829,0.6171,0.4000,1,0.1000,420.3,612.98,1.7369,17.3358,60,46
0.1983,0.8017,0.8000,3.9811,0.8000,530.81,265.22,0.4363,0.5443,60,460
0.2283,0.7717,0.8000,3.9811,0.9000,513.06,233.16,0.4360,0.4834,15,461
0.2553,0.7447,0.8000,3.9811,1,495.03,204.83,0.4360,0.4344,16,462
0.0200,0.9800,0.9000,3.9811,0.0100,637.97,644.12,0.4364,43.5560,34,463
0.0340,0.9660,0.9000,3.9811,0.1000,629.98,592.17,0.4353,4.3562,60,464
0.0517,0.9483,0.9000,3.9811,0.2000,618.96,536.21,0.4362,2.1783,60,465
0.0739,0.9261,0.9000,3.9811,0.3000,606.15,483.13,0.4367,1.4519,60,466
0.0965,0.9035,0.9000,3.9811,0.4000,591.56,432.97,0.4368,1.0893,60,467
0.1234,0.8766,0.9000,3.9811,0.5000,576.58,387.03,0.4363,0.8714,60,468
0.1504,0.8496,0.9000,3.9811,0.6000,559.8,343.99,0.4360,0.7254,15,469
0.3977,0.6023,0.4000,1,0.2000,411.37,577.74,1.7367,8.6679,60,47
0.1791,0.8209,0.9000,3.9811,0.7000,542.9,305.62,0.4361,0.6228,60,470
0.2084,0.7916,0.9000,3.9811,0.8000,524.81,270.19,0.4363,0.5447,60,471
0.2386,0.7614,0.9000,3.9811,0.9000,506.87,238.45,0.4362,0.4837,60,472
0.2665,0.7335,0.9000,3.9811,1,488.59,210.49,0.4372,0.4357,60,473
0.0205,0.9795,1,3.9811,0.0100,637.89,644.12,0.4362,43.6356,60,474
0.0350,0.9650,1,3.9811,0.1000,628.72,592.13,0.4362,4.3640,60,475
0.0555,0.9445,1,3.9811,0.2000,616.65,536.66,0.4363,2.1815,18,476
0.0785,0.9215,1,3.9811,0.3000,602.72,484.08,0.4364,1.4540,60,477
0.1042,0.8958,1,3.9811,0.4000,587.32,434.81,0.4368,1.0908,60,478
0.1313,0.8687,1,3.9811,0.5000,571.19,389.39,0.4362,0.8724,16,479
0.4125,0.5875,0.4000,1,0.3000,402.48,544.23,1.7375,5.7786,60,48
0.1598,0.8402,1,3.9811,0.6000,554.67,348.36,0.4355,0.7277,60,480
0.1893,0.8107,1,3.9811,0.7000,536.4,309.5,0.4360,0.6229,15,481
0.2191,0.7809,1,3.9811,0.8000,518.5,275.19,0.4360,0.5450,15,482
0.2490,0.7510,1,3.9811,0.9000,500.57,244.48,0.4360,0.4845,15,483
0.2789,0.7211,1,3.9811,1,482.57,216.77,0.4362,0.4360,60,484
0.0014,0.9986,0,6.3096,0.0100,648.85,644.02,0.2749,27.5303,60,485
0.0017,0.9983,0,6.3096,0.1000,648.13,590.01,0.2757,2.7530,60,486
0.0058,0.9942,0,6.3096,0.2000,646.94,530.88,0.2749,1.3766,60,487
0.0087,0.9913,0,6.3096,0.3000,644.9,471.46,0.2754,0.9177,60,488
0.0136,0.9864,0,6.3096,0.4000,641.74,413.13,0.2755,0.6882,60,489
0.4271,0.5729,0.4000,1,0.4000,393.79,512.44,1.7379,4.3339,60,49
0.0232,0.9768,0,6.3096,0.5000,637.1,357.36,0.2749,0.5509,60,490
0.0331,0.9669,0,6.3096,0.6000,629.96,303.13,0.2754,0.4600,60,491
0.0510,0.9490,0,6.3096,0.7000,619.59,251.29,0.2756,0.3933,60,492
0.0737,0.9263,0,6.3096,0.8000,606.1,205.13,0.2754,0.3447,60,493
0.1026,0.8974,0,6.3096,0.9000,588.11,164.47,0.2758,0.3060,60,494
0.1362,0.8638,0,6.3096,1,568.34,132.73,0.2752,0.2756,60,495
0.0019,0.9981,0.1000,6.3096,0.0100,648.85,644.01,0.2753,27.3270,34,496
0.0031,0.9969,0.1000,6.3096,0.1000,648.11,590.14,0.2753,2.7327,28,497
0.0054,0.9946,0.1000,6.3096,0.2000,646.8,530.62,0.2752,1.3664,39,498
0.0076,0.9924,0.1000,6.3096,0.3000,644.61,471.24,0.2754,0.9139,60,499
0.4219,0.5781,0,1,0.4000,396.86,511.25,1.7370,4.3427,60,5
0.4411,0.5589,0.4000,1,0.5000,385.32,482.34,1.7371,3.4614,35,50
0.0143,0.9857,0.1000,6.3096,0.4000,641.33,413.53,0.2751,0.6854,60,500
0.0219,0.9781,0.1000,6.3096,0.5000,636.15,356.79,0.2750,0.5484,60,501
0.0353,0.9647,0.1000,6.3096,0.6000,628.6,302.32,0.2755,0.4568,60,502
0.0529,0.9471,0.1000,6.3096,0.7000,618.24,252.11,0.2753,0.3903,18,503
0.0753,0.9247,0.1000,6.3096,0.8000,604.12,206.01,0.2755,0.3430,60,504
0.1052,0.8948,0.1000,6.3096,0.9000,586.74,166.87,0.2752,0.3036,18,505
0.1373,0.8627,0.1000,6.3096,1,566.58,134.62,0.2751,0.2742,60,506
0.0022,0.9978,0.2000,6.3096,0.0100,648.84,644.01,0.2752,27.4380,60,507
0.0026,0.9974,0.2000,6.3096,0.1000,648,590.1,0.2754,2.7438,60,508
0.0057,0.9943,0.2000,6.3096,0.2000,646.48,530.31,0.2760,1.3720,60,509
0.4551,0.5449,0.4000,1,0.6000,376.95,453.84,1.7372,2.8893,60,51
0.0091,0.9909,0.2000,6.3096,0.3000,643.93,470.75,0.2765,0.9147,60,510
0.0168,0.9832,0.2000,6.3096,0.4000,640.23,413.96,0.2752,0.6861,60,511
0.0260,0.9740,0.2000,6.3096,0.5000,634.43,357.53,0.2755,0.5491,60,512
0.0383,0.9617,0.2000,6.3096,0.6000,626.06,303.94,0.2751,0.4574,60,513
0.0593,0.9407,0.2000,6.3096,0.7000,614.94,254.65,0.2755,0.3922,60,514
0.0824,0.9176,0.2000,6.3096,0.8000,600.29,209.77,0.2751,0.3420,16,515
0.1140,0.8860,0.2000,6.3096,0.9000,582.11,170.82,0.2757,0.3050,60,516
0.1453,0.8547,0.2000,6.3096,1,561.21,138.53,0.2755,0.2746,60,517
0.0016,0.9984,0.3000,6.3096,0.0100,648.82,644,0.2754,27.4528,57,518
0.0031,0.9969,0.3000,6.3096,0.1000,647.87,590.24,0.2748,2.7451,60,519
0.4689,0.5311,0.4000,1,0.7000,368.66,426.89,1.7374,2.4767,60,52
0.0071,0.9929,0.3000,6.3096,0.2000,646.1,530.77,0.2753,1.3726,60,520
0.0129,0.9871,0.3000,6.3096,0.3000,643.3,472.27,0.2752,0.9150,60,521
0.0203,0.9797,0.3000,6.3096,0.4000,638.66,414.09,0.2761,0.6863,60,522
0.0303,0.9697,0.3000,6.3096,0.5000,632.22,359.19,0.2751,0.5492,60,523
0.0448,0.9552,0.3000,6.3096,0.6000,622.74,305.72,0.2756,0.4580,60,524
0.0655,0.9345,0.3000,6.3096,0.7000,610.54,257.13,0.2756,0.3922,60,525
0.0908,0.9092,0.3000,6.3096,0.8000,595.02,213.63,0.2754,0.3433,60,526
0.1220,0.8780,0.3000,6.3096,0.9000,576.85,175.75,0.2751,0.3043,15,527
0.1529,0.8471,0.3000,6.3096,1,555.9,144.04,0.2751,0.2738,15,528
0.0028,0.9972,0.4000,6.3096,0.0100,648.82,644.01,0.2753,27.4648,60,529
0.4821,0.5179,0.4000,1,0.8000,360.68,401.49,1.7367,2.1670,60,53
0.0038,0.9962,0.4000,6.3096,0.1000,647.69,590.18,0.2753,2.7429,33,530
0.0073,0.9927,0.4000,6.3096,0.2000,645.61,530.79,0.2753,1.3714,19,531
0.0118,0.9882,0.4000,6.3096,0.3000,642.27,472.56,0.2745,0.9143,60,532
0.0215,0.9785,0.4000,6.3096,0.4000,637.1,415.02,0.2753,0.6856,17,533
0.0358,0.9642,0.4000,6.3096,0.5000,630,360.87,0.2751,0.5493,60,534
0.0489,0.9511,0.4000,6.3096,0.6000,619.23,307.08,0.2757,0.4578,60,535
0.0714,0.9286,0.4000,6.3096,0.7000,606.66,260.43,0.2750,0.3924,60,536
0.0987,0.9013,0.4000,6.3096,0.8000,590.61,217.41,0.2753,0.3434,60,537
0.1310,0.8690,0.4000,6.3096,0.9000,572.17,180.28,0.2756,0.3053,60,538
0.1616,0.8384,0.4000,6.3096,1,551.16,148.77,0.2751,0.2741,15,539
0.4955,0.5045,0.4000,1,0.9000,352.72,377.5,1.7375,1.9260,60,54
0.0014,0.9986,0.5000,6.3096,0.0100,648.8,644,0.2754,27.4802,60,540
0.0041,0.9959,0.5000,6.3096,0.1000,647.5,590.2,0.2753,2.7472,60,541
0.0082,0.9918,0.5000,6.3096,0.2000,645.06,530.9,0.2753,1.3720,32,542
0.0142,0.9858,0.5000,6.3096,0.3000,641.09,472.24,0.2756,0.9146,60,543
0.0245,0.9755,0.5000,6.3096,0.4000,635.37,415.71,0.2754,0.6860,60,544
0.0382,0.9618,0.5000,6.3096,0.5000,627.17,361.21,0.2754,0.5488,60,545
0.0538,0.9462,0.5000,6.3096,0.6000,616.28,309.92,0.2749,0.4578,60,546
0.0792,0.9208,0.5000,6.3096,0.7000,602.86,263.88,0.2748,0.3926,60,547
0.1062,0.8938,0.5000,6.3096,0.8000,586.29,220.84,0.2752,0.3429,16,548
0.1378,0.8622,0.5000,6.3096,0.9000,567.79,184.47,0.2753,0.3054,60,549
0.5072,0.4928,0.4000,1,1,344.98,354.94,1.7368,1.7334,60,55
0.1715,0.8285,0.5000,6.3096,1,548.29,154.54,0.2744,0.2749,60,550
0.0020,0.9980,0.6000,6.3096,0.0100,648.78,644.01,0.2753,27.4509,40,551
0.0037,0.9963,0.6000,6.3096,0.1000,647.24,590.13,0.2756,2.7456,60,552
0.0093,0.9907,0.6000,6.3096,0.2000,644.41,531.04,0.2753,1.3724,18,553
0.0175,0.9825,0.6000,6.3096,0.3000,640.05,473.5,0.2746,0.9152,60,554
0.0276,0.9724,0.6000,6.3096,0.4000,633.28,416.49,0.2754,0.6863,60,555
0.0423,0.9577,0.6000,6.3096,0.5000,624.3,363.15,0.2747,0.5486,60,556
0.0622,0.9378,0.6000,6.3096,0.6000,612.66,312.26,0.2751,0.4572,15,557
0.0853,0.9147,0.6000,6.3096,0.7000,598.35,266.47,0.2748,0.3925,60,558
0.1144,0.8856,0.6000,6.3096,0.8000,581.42,224.66,0.2755,0.3436,60,559
0.3695,0.6305,0.5000,1,0.0100,428.26,646.22,1.7376,173.3964,60,56
0.1453,0.8547,0.6000,6.3096,0.9000,561.97,188.03,0.2755,0.3053,60,560
0.1775,0.8225,0.6000,6.3096,1,542.03,157.89,0.2751,0.2743,15,561
0.0016,0.9984,0.7000,6.3096,0.0100,648.75,643.99,0.2760,27.4665,60,562
0.0058,0.9942,0.7000,6.3096,0.1000,647,590.42,0.2749,2.7468,60,563
0.0106,0.9894,0.7000,6.3096,0.2000,643.62,531.2,0.2753,1.3731,30,564
0.0194,0.9806,0.7000,6.3096,0.3000,638.39,473.38,0.2752,0.9150,16,565
0.0312,0.9688,0.7000,6.3096,0.4000,630.81,417.35,0.2753,0.6869,60,566
0.0489,0.9511,0.7000,6.3096,0.5000,620.85,364.21,0.2756,0.5491,60,567
0.0694,0.9306,0.7000,6.3096,0.6000,608.39,314.85,0.2753,0.4577,60,568
0.0930,0.9070,0.7000,6.3096,0.7000,593.68,270.19,0.2745,0.3921,60,569
0.3835,0.6165,0.5000,1,0.1000,419.9,613,1.7377,17.3396,60,57
0.1233,0.8767,0.7000,6.3096,0.8000,576.03,229.05,0.2753,0.3432,17,570
0.1557,0.8443,0.7000,6.3096,0.9000,556.69,193.46,0.2757,0.3050,60,571
0.1887,0.8113,0.7000,6.3096,1,536.62,163.48,0.2753,0.2750,60,572
0.0015,0.9985,0.8000,6.3096,0.0100,648.73,644.01,0.2752,27.4782,60,573
0.0057,0.9943,0.8000,6.3096,0.1000,646.6,590.26,0.2756,2.7477,60,574
0.0117,0.9883,0.8000,6.3096,0.2000,642.63,531.39,0.2753,1.3735,60,575
0.0230,0.9770,0.8000,6.3096,0.3000,636.57,474.11,0.2753,0.9160,60,576
0.0366,0.9634,0.8000,6.3096,0.4000,628,418.69,0.2753,0.6867,17,577
0.0534,0.9466,0.8000,6.3096,0.5000,617.09,366.79,0.2746,0.5496,60,578
0.0779,0.9221,0.8000,6.3096,0.6000,603.22,317.83,0.2756,0.4580,60,579
0.3987,0.6013,0.5000,1,0.2000,410.76,577.82,1.7375,8.6697,60,58
0.1040,0.8960,0.8000,6.3096,0.7000,587.9,273.81,0.2750,0.3925,60,580
0.1349,0.8651,0.8000,6.3096,0.8000,569.36,233.38,0.2762,0.3434,60,581
0.1666,0.8334,0.8000,6.3096,0.9000,550.16,199.14,0.2760,0.3054,60,582
0.1967,0.8033,0.8000,6.3096,1,529.88,168.83,0.2755,0.2742,60,583
0.0018,0.9982,0.9000,6.3096,0.0100,648.71,644.01,0.2754,27.4909,60,584
0.0082,0.9918,0.9000,6.3096,0.1000,646.26,590.61,0.2747,2.7491,60,585
0.0134,0.9866,0.9000,6.3096,0.2000,641.36,531.36,0.2757,1.3740,19,586
0.0262,0.9738,0.9000,6.3096,0.3000,634.29,474.6,0.2752,0.9157,16,587
0.0430,0.9570,0.9000,6.3096,0.4000,624.55,420.01,0.2755,0.6872,60,588
0.0633,0.9367,0.9000,6.3096,0.5000,612.52,368.84,0.2749,0.5497,60,589
0.4136,0.5864,0.5000,1,0.3000,401.88,544.46,1.7369,5.7793,60,59
0.0877,0.9123,0.9000,6.3096,0.6000,598.25,322.24,0.2747,0.4583,60,590
0.1156,0.8844,0.9000,6.3096,0.7000,581.34,278.34,0.2754,0.3925,60,591
0.1451,0.8549,0.9000,6.3096,0.8000,562.96,239.48,0.2751,0.3433,15,592
0.1774,0.8226,0.9000,6.3096,0.9000,543.57,205.65,0.2751,0.3051,15,593
0.2095,0.7905,0.9000,6.3096,1,523.44,176.43,0.2751,0.2746,15,594
0.0013,0.9987,1,6.3096,0.0100,648.66,644.01,0.2753,27.5323,60,595
0.0070,0.9930,1,6.3096,0.1000,645.6,590.42,0.2753,2.7535,60,596
0.0163,0.9837,1,6.3096,0.2000,639.88,531.94,0.2754,1.3767,60,597
0.0307,0.9693,1,6.3096,0.3000,631.59,475.63,0.2751,0.9176,60,598
0.0484,0.9516,1,6.3096,0.4000,620.46,421.67,0.2752,0.6882,60,599
0.4352,0.5648,0,1,0.5000,388.86,480.59,1.7370,3.4744,60,6
0.4284,0.5716,0.5000,1,0.4000,392.93,512.78,1.7376,4.3346,60,60
0.0728,0.9272,1,6.3096,0.5000,606.99,371.37,0.2756,0.5504,60,600
0.0975,0.9025,1,6.3096,0.6000,591.44,325.11,0.2751,0.4585,15,601
0.1264,0.8736,1,6.3096,0.7000,574.11,283.13,0.2751,0.3929,16,602
0.1575,0.8425,1,6.3096,0.8000,555.42,245.66,0.2751,0.3438,16,603
0.1902,0.8098,1,6.3096,0.9000,535.88,212.69,0.2751,0.3057,15,604
0.2237,0.7763,1,6.3096,1,517.05,185.41,0.2757,0.2762,60,605
1.6496e-05,1.0000,0,10,0.0100,649.97,644,0.1737,17.3717,38,606
-6.3153e-06,1.0000,0,10,0.1000,649.93,589.99,0.1737,1.7372,60,607
9.9859e-04,0.9990,0,10,0.2000,649.84,530.33,0.1734,0.8681,60,608
0.0026,0.9974,0,10,0.3000,649.62,470.49,0.1737,0.5787,60,609
0.4429,0.5571,0.5000,1,0.5000,384.26,482.82,1.7376,3.4675,60,61
4.2627e-04,0.9996,0,10,0.4000,649.09,409.87,0.1738,0.4343,60,610
0.0078,0.9922,0,10,0.5000,648.04,352.8,0.1735,0.3475,60,611
0.0071,0.9929,0,10,0.6000,645.61,293.44,0.1734,0.2899,60,612
0.0169,0.9831,0,10,0.7000,641.03,238.66,0.1733,0.2486,60,613
0.0304,0.9696,0,10,0.8000,631.73,184.61,0.1736,0.2171,16,614
0.0552,0.9448,0,10,0.9000,616.9,139.79,0.1737,0.1930,23,615
0.0899,0.9101,0,10,1,594.66,103.75,0.1739,0.1735,60,616
-8.6701e-04,1.0009,0.1000,10,0.0100,649.97,643.97,0.1742,17.2422,60,617
-2.5764e-04,1.0003,0.1000,10,0.1000,649.93,589.9,0.1738,1.7242,60,618
5.8897e-04,0.9994,0.1000,10,0.2000,649.82,529.9,0.1738,0.8620,60,619
0.4570,0.5430,0.5000,1,0.6000,375.89,454.53,1.7370,2.8897,60,62
9.3688e-04,0.9991,0.1000,10,0.3000,649.57,469.8,0.1739,0.5747,60,620
-6.1866e-04,1.0006,0.1000,10,0.4000,648.94,408.66,0.1744,0.4310,60,621
0.0065,0.9935,0.1000,10,0.5000,647.77,352.54,0.1733,0.3456,60,622
0.0084,0.9916,0.1000,10,0.6000,645,292.84,0.1738,0.2884,60,623
0.0178,0.9822,0.1000,10,0.7000,639.99,238.1,0.1734,0.2473,60,624
0.0327,0.9673,0.1000,10,0.8000,630.22,185.61,0.1737,0.2155,18,625
0.0598,0.9402,0.1000,10,0.9000,615.47,142.16,0.1738,0.1925,60,626
0.0878,0.9122,0.1000,10,1,593.28,106.65,0.1737,0.1724,16,627
-0.0029,1.0029,0.2000,10,0.0100,649.97,643.95,0.1744,17.2801,60,628
1.0327e-04,0.9999,0.2000,10,0.1000,649.92,589.94,0.1737,1.7280,27,629
0.4709,0.5291,0.5000,1,0.7000,367.44,427.72,1.7375,2.4769,60,63
4.0766e-05,1.0000,0.2000,10,0.2000,649.79,530.01,0.1735,0.8640,60,630
8.0127e-04,0.9992,0.2000,10,0.3000,649.47,470.36,0.1734,0.5760,60,631
8.6644e-04,0.9991,0.2000,10,0.4000,648.71,410.57,0.1733,0.4320,60,632
0.0030,0.9970,0.2000,10,0.5000,646.99,350.08,0.1741,0.3456,60,633
0.0069,0.9931,0.2000,10,0.6000,643.53,292.61,0.1736,0.2884,60,634
0.0201,0.9799,0.2000,10,0.7000,637.74,240.44,0.1729,0.2474,60,635
0.0393,0.9607,0.2000,10,0.8000,626.87,188.67,0.1738,0.2165,60,636
0.0671,0.9329,0.2000,10,0.9000,610.49,145.25,0.1740,0.1925,60,637
0.1005,0.8995,0.2000,10,1,589.42,111.93,0.1732,0.1732,60,638
9.5884e-04,0.9990,0.3000,10,0.0100,649.97,643.99,0.1740,17.2906,60,639
0.4844,0.5156,0.5000,1,0.8000,359.41,402.5,1.7374,2.1673,60,64
0.0016,0.9984,0.3000,10,0.1000,649.91,590.1,0.1735,1.7291,60,640
-6.9280e-04,1.0007,0.3000,10,0.2000,649.72,529.4,0.1743,0.8645,60,641
0.0012,0.9988,0.3000,10,0.3000,649.29,470.06,0.1737,0.5762,17,642
0.0027,0.9973,0.3000,10,0.4000,648.26,410.19,0.1739,0.4323,60,643
0.0060,0.9940,0.3000,10,0.5000,646.09,351.42,0.1738,0.3458,60,644
0.0131,0.9869,0.3000,10,0.6000,641.73,293.75,0.1741,0.2886,60,645
0.0252,0.9748,0.3000,10,0.7000,634.38,240.53,0.1737,0.2470,32,646
0.0453,0.9547,0.3000,10,0.8000,622.25,191.49,0.1738,0.2166,60,647
0.0750,0.9250,0.3000,10,0.9000,605.12,149.84,0.1739,0.1924,60,648
0.1085,0.8915,0.3000,10,1,583.17,116.83,0.1742,0.1734,60,649
0.4976,0.5024,0.5000,1,0.9000,351.44,378.7,1.7372,1.9264,60,65
-8.8205e-05,1.0001,0.4000,10,0.0100,649.97,644,0.1737,17.3068,60,650
1.2984e-04,0.9999,0.4000,10,0.1000,649.89,589.96,0.1737,1.7307,24,651
0.0014,0.9986,0.4000,10,0.2000,649.66,530.23,0.1735,0.8653,60,652
0.0015,0.9985,0.4000,10,0.3000,649.06,470.14,0.1737,0.5768,18,653
0.0040,0.9960,0.4000,10,0.4000,647.77,411.28,0.1734,0.4327,60,654
0.0093,0.9907,0.4000,10,0.5000,645.05,352.57,0.1737,0.3461,60,655
0.0185,0.9815,0.4000,10,0.6000,640.17,296.81,0.1735,0.2884,60,656
0.0329,0.9671,0.4000,10,0.7000,631.78,244.12,0.1735,0.2471,60,657
0.0526,0.9474,0.4000,10,0.8000,618.83,195.39,0.1736,0.2168,60,658
0.0803,0.9197,0.4000,10,0.9000,600.25,153.27,0.1737,0.1926,60,659
0.5095,0.4905,0.5000,1,1,343.63,356.27,1.7376,1.7337,60,66
0.1163,0.8837,0.4000,10,1,578.27,120.76,0.1737,0.1734,60,660
-8.4528e-04,1.0008,0.5000,10,0.0100,649.97,643.97,0.1742,17.3130,60,661
-0.0010,1.0010,0.5000,10,0.1000,649.87,589.72,0.1742,1.7313,60,662
5.6053e-04,0.9994,0.5000,10,0.2000,649.56,530.06,0.1736,0.8656,60,663
0.0020,0.9980,0.5000,10,0.3000,648.78,470.22,0.1737,0.5769,16,664
0.0054,0.9946,0.5000,10,0.4000,647.06,410.67,0.1740,0.4328,60,665
0.0092,0.9908,0.5000,10,0.5000,643.67,352.52,0.1738,0.3463,60,666
0.0212,0.9788,0.5000,10,0.6000,637.77,296.44,0.1742,0.2886,60,667
0.0341,0.9659,0.5000,10,0.7000,628.37,244.85,0.1734,0.2470,60,668
0.0600,0.9400,0.5000,10,0.8000,615.16,198.63,0.1739,0.2169,60,669
0.3695,0.6305,0.6000,1,0.0100,428.21,646.22,1.7376,173.4223,60,67
0.0889,0.9111,0.5000,10,0.9000,596.68,157.85,0.1736,0.1922,15,670
0.1228,0.8772,0.5000,10,1,574.55,125.35,0.1736,0.1730,15,671
-8.3063e-04,1.0008,0.6000,10,0.0100,649.97,644,0.1734,17.3203,60,672
1.9321e-04,0.9998,0.6000,10,0.1000,649.84,589.97,0.1737,1.7320,34,673
2.0408e-04,0.9998,0.6000,10,0.2000,649.42,529.96,0.1737,0.8660,60,674
0.0030,0.9970,0.6000,10,0.3000,648.41,470.45,0.1737,0.5773,60,675
0.0035,0.9965,0.6000,10,0.4000,646.09,409.83,0.1744,0.4328,60,676
0.0134,0.9866,0.6000,10,0.5000,642.36,355.2,0.1729,0.3464,60,677
0.0255,0.9745,0.6000,10,0.6000,635.62,299.62,0.1734,0.2887,60,678
0.0418,0.9582,0.6000,10,0.7000,625.34,248.01,0.1735,0.2470,60,679
0.3839,0.6161,0.6000,1,0.1000,419.67,613.03,1.7374,17.3421,60,68
0.0658,0.9342,0.6000,10,0.8000,610.55,201.41,0.1736,0.2163,15,680
0.0966,0.9034,0.6000,10,0.9000,592.02,162.06,0.1737,0.1924,16,681
0.1325,0.8675,0.6000,10,1,570.76,130.98,0.1729,0.1730,60,682
-6.7360e-05,1.0001,0.7000,10,0.0100,649.96,644,0.1737,17.3274,37,683
8.0455e-04,0.9992,0.7000,10,0.1000,649.8,590.09,0.1734,1.7326,60,684
0.0021,0.9979,0.7000,10,0.2000,649.25,530.09,0.1738,0.8664,60,685
0.0013,0.9987,0.7000,10,0.3000,647.86,470.14,0.1737,0.5776,60,686
0.0081,0.9919,0.7000,10,0.4000,645.12,411.8,0.1736,0.4329,15,687
0.0166,0.9834,0.7000,10,0.5000,640.13,354.75,0.1737,0.3467,60,688
0.0296,0.9704,0.7000,10,0.6000,632.25,300.72,0.1736,0.2887,60,689
0.3996,0.6004,0.6000,1,0.2000,410.27,577.93,1.7376,8.6711,60,69
0.0488,0.9512,0.7000,10,0.7000,620.71,250.35,0.1737,0.2475,40,690
0.0741,0.9259,0.7000,10,0.8000,605.57,205.63,0.1737,0.2166,60,691
0.1031,0.8969,0.7000,10,0.9000,586.99,167.98,0.1731,0.1922,60,692
0.1396,0.8604,0.7000,10,1,564.73,135.65,0.1733,0.1735,60,693
0.0019,0.9981,0.8000,10,0.0100,649.96,644.02,0.1735,17.3349,60,694
3.5245e-04,0.9996,0.8000,10,0.1000,649.74,589.77,0.1743,1.7335,60,695
0.0015,0.9985,0.8000,10,0.2000,648.98,529.99,0.1739,0.8668,60,696
0.0047,0.9953,0.8000,10,0.3000,647.18,470.73,0.1736,0.5774,15,697
0.0108,0.9892,0.8000,10,0.4000,643.63,412.5,0.1737,0.4334,60,698
0.0223,0.9777,0.8000,10,0.5000,637.56,356.32,0.1737,0.3467,60,699
0.4486,0.5514,0,1,0.6000,380.82,451.37,1.7372,2.8937,60,7
0.4150,0.5850,0.6000,1,0.3000,400.92,544.63,1.7382,5.7807,60,70
0.0362,0.9638,0.8000,10,0.6000,628.25,302.9,0.1737,0.2889,60,700
0.0575,0.9425,0.8000,10,0.7000,615.53,253.98,0.1737,0.2475,16,701
0.0862,0.9138,0.8000,10,0.8000,599.57,210.68,0.1740,0.2168,60,702
0.1158,0.8842,0.8000,10,0.9000,578.57,170.99,0.1735,0.1922,60,703
0.1514,0.8486,0.8000,10,1,558.11,141.79,0.1736,0.1732,15,704
-4.9587e-04,1.0005,0.9000,10,0.0100,649.96,644.01,0.1732,17.3408,60,705
-9.9642e-05,1.0001,0.9000,10,0.1000,649.67,589.85,0.1735,1.7340,60,706
-2.3120e-05,1.0000,0.9000,10,0.2000,648.6,529.64,0.1742,0.8674,60,707
0.0064,0.9936,0.9000,10,0.3000,646.16,471.01,0.1736,0.5776,15,708
0.0125,0.9875,0.9000,10,0.4000,641.46,412.77,0.1739,0.4337,60,709
0.4298,0.5702,0.6000,1,0.4000,392.08,513.16,1.7370,4.3358,60,71
0.0278,0.9722,0.9000,10,0.5000,634.3,359.14,0.1733,0.3474,60,710
0.0385,0.9615,0.9000,10,0.6000,623.97,307.37,0.1719,0.2890,60,711
0.0679,0.9321,0.9000,10,0.7000,609.26,258.34,0.1737,0.2478,60,712
0.0963,0.9037,0.9000,10,0.8000,592.18,216.49,0.1735,0.2174,60,713
0.1300,0.8700,0.9000,10,0.9000,570.96,177.45,0.1738,0.1919,60,714
0.1642,0.8358,0.9000,10,1,550.57,149.3,0.1737,0.1733,16,715
-1.1542e-04,1.0001,1,10,0.0100,649.96,644,0.1737,17.3718,60,716
0.0013,0.9987,1,10,0.1000,649.54,590.24,0.1733,1.7374,60,717
0.0054,0.9946,1,10,0.2000,648.06,530.58,0.1737,0.8685,60,718
0.0107,0.9893,1,10,0.3000,644.71,471.73,0.1735,0.5786,60,719
0.4446,0.5554,0.6000,1,0.5000,383.27,483.35,1.7373,3.4641,28,72
0.0182,0.9818,1,10,0.4000,638.68,414.4,0.1737,0.4342,60,720
0.0341,0.9659,1,10,0.5000,629.56,359.92,0.1737,0.3471,60,721
0.0533,0.9467,1,10,0.6000,617.23,309.33,0.1735,0.2895,60,722
0.0810,0.9190,1,10,0.7000,601.95,263.8,0.1738,0.2481,60,723
0.1110,0.8890,1,10,0.8000,583.94,223.21,0.1738,0.2172,60,724
0.1446,0.8554,1,10,0.9000,562.86,186.82,0.1738,0.1928,60,725
0.1798,0.8202,1,10,1,542.07,157.92,0.1737,0.1737,60,726
-8.3047e-05,1.0001,0,15.8490,0.0100,650,644,0.1096,10.9608,34,727
-7.4313e-05,1.0001,0,15.8490,0.1000,650,590,0.1096,1.0961,25,728
0.0017,0.9983,0,15.8490,0.2000,650,530.45,0.1093,0.5479,60,729
0.4589,0.5411,0.6000,1,0.6000,374.65,455.18,1.7373,2.8900,60,73
6.6509e-05,0.9999,0,15.8490,0.3000,649.99,470.15,0.1096,0.3657,60,730
-0.0015,1.0015,0,15.8490,0.4000,649.97,409.79,0.1096,0.2740,60,731
0.0022,0.9978,0,15.8490,0.5000,649.89,350,0.1097,0.2188,60,732
5.8158e-04,0.9994,0,15.8490,0.6000,649.57,290.31,0.1095,0.1826,16,733
0.0040,0.9960,0,15.8490,0.7000,648.39,230.98,0.1097,0.1563,60,734
0.0101,0.9899,0,15.8490,0.8000,644.82,175.26,0.1096,0.1370,60,735
0.0253,0.9747,0,15.8490,0.9000,634.81,123.66,0.1094,0.1216,14,736
0.0537,0.9463,0,15.8490,1,617.28,89.263,0.1093,0.1101,60,737
-4.6672e-05,1.0000,0.1000,15.8490,0.0100,650,643.99,0.1096,10.8791,31,738
-4.5799e-04,1.0005,0.1000,15.8490,0.1000,650,590.01,0.1094,1.0879,60,739
0.4728,0.5272,0.6000,1,0.7000,366.32,428.63,1.7368,2.4774,60,74
0.0015,0.9985,0.1000,15.8490,0.2000,650,530.14,0.1095,0.5440,60,740
-0.0036,1.0036,0.1000,15.8490,0.3000,649.99,469.06,0.1097,0.3626,60,741
-0.0020,1.0020,0.1000,15.8490,0.4000,649.96,408.85,0.1098,0.2720,60,742
0.0012,0.9988,0.1000,15.8490,0.5000,649.86,349.09,0.1100,0.2176,60,743
0.0015,0.9985,0.1000,15.8490,0.6000,649.45,289.9,0.1097,0.1812,33,744
0.0015,0.9985,0.1000,15.8490,0.7000,647.95,229.68,0.1098,0.1558,60,745
0.0116,0.9884,0.1000,15.8490,0.8000,643.85,175.79,0.1096,0.1365,60,746
0.0269,0.9731,0.1000,15.8490,0.9000,633.08,124.63,0.1097,0.1212,60,747
0.0564,0.9436,0.1000,15.8490,1,613.06,87.679,0.1096,0.1090,60,748
-9.3729e-05,1.0001,0.2000,15.8490,0.0100,650,643.99,0.1096,10.9029,49,749
0.4866,0.5134,0.6000,1,0.8000,358.03,403.52,1.7374,2.1677,60,75
-6.6292e-05,1.0001,0.2000,15.8490,0.1000,650,589.93,0.1096,1.0903,23,750
6.9278e-04,0.9993,0.2000,15.8490,0.2000,650,529.97,0.1096,0.5451,60,751
-1.1260e-05,1.0000,0.2000,15.8490,0.3000,649.99,469.81,0.1096,0.3634,19,752
8.4544e-05,0.9999,0.2000,15.8490,0.4000,649.94,409.78,0.1096,0.2725,16,753
3.9984e-04,0.9996,0.2000,15.8490,0.5000,649.77,349.84,0.1095,0.2179,15,754
0.0015,0.9985,0.2000,15.8490,0.6000,649.09,288.7,0.1101,0.1817,60,755
0.0049,0.9951,0.2000,15.8490,0.7000,647.16,231.85,0.1096,0.1557,60,756
0.0128,0.9872,0.2000,15.8490,0.8000,641.31,174.86,0.1099,0.1366,60,757
0.0340,0.9660,0.2000,15.8490,0.9000,629.58,129.82,0.1093,0.1214,60,758
0.0681,0.9319,0.2000,15.8490,1,608.57,93.824,0.1095,0.1090,60,759
0.4999,0.5001,0.6000,1,0.9000,350.14,379.95,1.7373,1.9269,60,76
-7.5038e-04,1.0008,0.3000,15.8490,0.0100,650,643.99,0.1095,10.9095,60,760
-0.0011,1.0011,0.3000,15.8490,0.1000,650,589.85,0.1097,1.0910,60,761
-5.6183e-05,1.0001,0.3000,15.8490,0.2000,650,529.89,0.1096,0.5455,23,762
0.0052,0.9948,0.3000,15.8490,0.3000,649.98,470.27,0.1099,0.3637,60,763
-0.0062,1.0062,0.3000,15.8490,0.4000,649.89,407.77,0.1098,0.2727,60,764
0.0013,0.9987,0.3000,15.8490,0.5000,649.6,349.84,0.1097,0.2182,60,765
0.0024,0.9976,0.3000,15.8490,0.6000,648.59,290.58,0.1095,0.1817,15,766
0.0066,0.9934,0.3000,15.8490,0.7000,645.63,233.44,0.1093,0.1558,60,767
0.0198,0.9802,0.3000,15.8490,0.8000,638.65,179.29,0.1097,0.1367,60,768
0.0423,0.9577,0.3000,15.8490,0.9000,624.62,132.69,0.1095,0.1211,15,769
0.5120,0.4880,0.6000,1,1,342.33,357.71,1.7371,1.7342,60,77
0.0742,0.9258,0.3000,15.8490,1,600.67,95.611,0.1103,0.1093,60,770
-0.0044,1.0044,0.4000,15.8490,0.0100,650,643.95,0.1099,10.9198,60,771
-0.0062,1.0062,0.4000,15.8490,0.1000,650,589.36,0.1100,1.0920,60,772
-0.0033,1.0033,0.4000,15.8490,0.2000,649.99,529.91,0.1092,0.5460,60,773
4.8859e-05,1.0000,0.4000,15.8490,0.3000,649.96,469.84,0.1095,0.3637,15,774
-5.9877e-04,1.0006,0.4000,15.8490,0.4000,649.82,409.12,0.1099,0.2730,60,775
3.1391e-04,0.9997,0.4000,15.8490,0.5000,649.35,349.5,0.1097,0.2184,60,776
0.0044,0.9956,0.4000,15.8490,0.6000,647.96,291.97,0.1095,0.1821,60,777
0.0083,0.9917,0.4000,15.8490,0.7000,643.97,233.85,0.1095,0.1560,60,778
0.0260,0.9740,0.4000,15.8490,0.8000,635.59,179.88,0.1102,0.1366,60,779
0.3697,0.6303,0.7000,1,0.0100,428.19,646.22,1.7381,173.4615,60,78
0.0491,0.9509,0.4000,15.8490,0.9000,622.2,138.88,0.1092,0.1216,60,780
0.0853,0.9147,0.4000,15.8490,1,598.91,102.21,0.1099,0.1094,60,781
0.0022,0.9978,0.5000,15.8490,0.0100,650,644.01,0.1095,10.9237,60,782
0.0024,0.9976,0.5000,15.8490,0.1000,650,590.19,0.1094,1.0924,60,783
5.7085e-04,0.9994,0.5000,15.8490,0.2000,649.99,530.02,0.1096,0.5462,60,784
8.6822e-05,0.9999,0.5000,15.8490,0.3000,649.94,469.85,0.1095,0.3639,15,785
-6.9484e-04,1.0007,0.5000,15.8490,0.4000,649.73,409.71,0.1096,0.2731,60,786
0.0016,0.9984,0.5000,15.8490,0.5000,649.04,350.24,0.1095,0.2183,15,787
0.0040,0.9960,0.5000,15.8490,0.6000,647,290.28,0.1099,0.1820,60,788
0.0129,0.9871,0.5000,15.8490,0.7000,642.36,234.15,0.1094,0.1558,60,789
0.3843,0.6157,0.7000,1,0.1000,419.3,613.05,1.7373,17.3462,60,79
0.0285,0.9715,0.5000,15.8490,0.8000,633,183.38,0.1097,0.1366,60,790
0.0548,0.9452,0.5000,15.8490,0.9000,617.26,139.1,0.1096,0.1213,60,791
0.0917,0.9083,0.5000,15.8490,1,594.55,105.69,0.1095,0.1093,60,792
-2.7929e-04,1.0003,0.6000,15.8490,0.0100,650,643.99,0.1096,10.9283,31,793
-1.5552e-04,1.0002,0.6000,15.8490,0.1000,650,589.95,0.1096,1.0927,18,794
-6.1190e-05,1.0001,0.6000,15.8490,0.2000,649.98,529.91,0.1096,0.5464,56,795
1.2658e-04,0.9999,0.6000,15.8490,0.3000,649.89,469.89,0.1096,0.3641,16,796
-2.8594e-04,1.0003,0.6000,15.8490,0.4000,649.55,409.17,0.1099,0.2732,60,797
0.0016,0.9984,0.6000,15.8490,0.5000,648.57,350.63,0.1095,0.2186,60,798
0.0101,0.9899,0.6000,15.8490,0.6000,646.08,293.95,0.1095,0.1821,60,799
0.4617,0.5383,0,1,0.7000,373,423.88,1.7374,2.4816,60,8
0.4004,0.5996,0.7000,1,0.2000,409.82,578.05,1.7369,8.6731,60,80
0.0131,0.9869,0.6000,15.8490,0.7000,640.54,237.97,0.1090,0.1562,60,800
0.0331,0.9669,0.6000,15.8490,0.8000,629.49,184.98,0.1098,0.1366,60,801
0.0599,0.9401,0.6000,15.8490,0.9000,613.16,142.63,0.1095,0.1215,60,802
0.0980,0.9020,0.6000,15.8490,1,589.04,107.68,0.1095,0.1092,60,803
-3.2729e-04,1.0003,0.7000,15.8490,0.0100,650,643.99,0.1096,10.9328,60,804
0.0034,0.9966,0.7000,15.8490,0.1000,650,590.34,0.1093,1.0933,60,805
-2.2249e-04,1.0002,0.7000,15.8490,0.2000,649.97,529.31,0.1101,0.5467,60,806
2.5994e-04,0.9997,0.7000,15.8490,0.3000,649.82,469.91,0.1095,0.3642,15,807
0.0012,0.9988,0.7000,15.8490,0.4000,649.3,410.11,0.1095,0.2731,15,808
0.0036,0.9964,0.7000,15.8490,0.5000,647.8,350.92,0.1096,0.2187,60,809
0.4161,0.5839,0.7000,1,0.3000,400.31,544.89,1.7371,5.7758,37,81
0.0095,0.9905,0.7000,15.8490,0.6000,644.28,293.23,0.1096,0.1822,31,810
0.0193,0.9807,0.7000,15.8490,0.7000,637.05,237.59,0.1097,0.1562,60,811
0.0411,0.9589,0.7000,15.8490,0.8000,625.48,189.58,0.1098,0.1367,60,812
0.0697,0.9303,0.7000,15.8490,0.9000,608.22,147.45,0.1095,0.1214,15,813
0.1071,0.8929,0.7000,15.8490,1,585.83,114.87,0.1094,0.1094,60,814
-0.0038,1.0038,0.8000,15.8490,0.0100,650,643.96,0.1099,10.9375,60,815
0.0085,0.9915,0.8000,15.8490,0.1000,650,591.21,0.1083,1.0938,60,816
-1.1017e-04,1.0001,0.8000,15.8490,0.2000,649.94,529.68,0.1098,0.5470,60,817
-2.1999e-04,1.0002,0.8000,15.8490,0.3000,649.69,469.26,0.1100,0.3647,60,818
8.0506e-04,0.9992,0.8000,15.8490,0.4000,648.83,410.32,0.1096,0.2733,60,819
0.4315,0.5685,0.7000,1,0.4000,391.12,513.53,1.7372,4.3319,32,82
0.0056,0.9944,0.8000,15.8490,0.5000,646.61,351.53,0.1096,0.2188,26,820
0.0158,0.9842,0.8000,15.8490,0.6000,642.07,295.71,0.1095,0.1823,60,821
0.0300,0.9700,0.8000,15.8490,0.7000,633.58,242.28,0.1097,0.1563,60,822
0.0497,0.9503,0.8000,15.8490,0.8000,620.22,195.35,0.1095,0.1369,60,823
0.0802,0.9198,0.8000,15.8490,0.9000,601.85,153.2,0.1096,0.1215,17,824
0.1185,0.8815,0.8000,15.8490,1,580.08,122.1,0.1094,0.1095,60,825
-5.9193e-04,1.0006,0.9000,15.8490,0.0100,650,643.99,0.1096,10.9408,60,826
-0.0011,1.0011,0.9000,15.8490,0.1000,649.99,589.81,0.1098,1.0941,60,827
2.7719e-05,1.0000,0.9000,15.8490,0.2000,649.9,529.92,0.1096,0.5472,60,828
-3.5096e-04,1.0004,0.9000,15.8490,0.3000,649.46,470.21,0.1093,0.3648,60,829
0.4464,0.5536,0.7000,1,0.5000,382.16,483.9,1.7372,3.4693,60,83
0.0030,0.9970,0.9000,15.8490,0.4000,648.1,411.24,0.1093,0.2738,60,830
0.0100,0.9900,0.9000,15.8490,0.5000,644.66,351.83,0.1101,0.2190,60,831
0.0190,0.9810,0.9000,15.8490,0.6000,638.52,297.12,0.1095,0.1824,60,832
0.0373,0.9627,0.9000,15.8490,0.7000,627.7,244.22,0.1096,0.1562,60,833
0.0590,0.9410,0.9000,15.8490,0.8000,613.31,199.33,0.1093,0.1369,60,834
0.0932,0.9068,0.9000,15.8490,0.9000,594.05,160.18,0.1096,0.1216,60,835
0.1253,0.8747,0.9000,15.8490,1,572.56,129.52,0.1085,0.1094,60,836
-0.0069,1.0069,1,15.8490,0.0100,650,643.99,0.1091,10.9608,60,837
-7.1103e-04,1.0007,1,15.8490,0.1000,649.98,590.01,0.1095,1.0961,60,838
-0.0037,1.0037,1,15.8490,0.2000,649.79,529.85,0.1094,0.5484,60,839
0.4608,0.5392,0.7000,1,0.6000,373.42,455.94,1.7368,2.8910,60,84
8.8871e-04,0.9991,1,15.8490,0.3000,648.96,470.06,0.1097,0.3654,60,840
0.0123,0.9877,1,15.8490,0.4000,646.9,413.14,0.1095,0.2738,60,841
0.0123,0.9877,1,15.8490,0.5000,641.95,354.09,0.1094,0.2195,60,842
0.0257,0.9743,1,15.8490,0.6000,633.35,298.93,0.1097,0.1830,60,843
0.0520,0.9480,1,15.8490,0.7000,621.02,249.15,0.1103,0.1563,60,844
0.0752,0.9248,1,15.8490,0.8000,604.82,206.13,0.1096,0.1370,60,845
0.1092,0.8908,1,15.8490,0.9000,585.84,169.94,0.1100,0.1216,60,846
0.1432,0.8568,1,15.8490,1,563.17,138.49,0.1097,0.1090,60,847
0.0060,0.9940,0,25.1190,0.0100,650,644.06,0.0689,6.9158,60,848
0.0023,0.9977,0,25.1190,0.1000,650,590.01,0.0693,0.6914,60,849
0.4751,0.5249,0.7000,1,0.7000,364.93,429.53,1.7371,2.4752,19,85
-0.0050,1.0050,0,25.1190,0.2000,650,528.8,0.0695,0.3460,60,850
-2.8447e-04,1.0003,0,25.1190,0.3000,650,469.94,0.0691,0.2304,16,851
-0.0039,1.0039,0,25.1190,0.4000,650,408.17,0.0693,0.1729,60,852
-1.0586e-04,1.0001,0,25.1190,0.5000,650,349.97,0.0692,0.1383,29,853
-0.0051,1.0051,0,25.1190,0.6000,649.99,287.35,0.0694,0.1159,60,854
0.0014,0.9986,0,25.1190,0.7000,649.88,227.73,0.0692,0.0984,60,855
0.0040,0.9960,0,25.1190,0.8000,649,166.61,0.0698,0.0861,60,856
0.0106,0.9894,0,25.1190,0.9000,644.55,113.9,0.0696,0.0767,60,857
0.0388,0.9612,0,25.1190,1,622.93,69.411,0.0691,0.0689,60,858
0.0019,0.9981,0.1000,25.1190,0.0100,650,644.01,0.0691,6.8643,60,859
0.4888,0.5112,0.7000,1,0.8000,356.71,404.71,1.7366,2.1683,60,86
0.0015,0.9985,0.1000,25.1190,0.1000,650,590.48,0.0686,0.6864,60,860
0.0044,0.9956,0.1000,25.1190,0.2000,650,531.31,0.0686,0.3432,60,861
-0.0070,1.0070,0.1000,25.1190,0.3000,650,466.47,0.0699,0.2288,60,862
4.2442e-04,0.9996,0.1000,25.1190,0.4000,650,409.97,0.0691,0.1715,60,863
-0.0013,1.0013,0.1000,25.1190,0.5000,650,349.04,0.0692,0.1373,60,864
0.0019,0.9981,0.1000,25.1190,0.6000,649.98,291.46,0.0689,0.1144,60,865
6.2514e-04,0.9994,0.1000,25.1190,0.7000,649.84,229.87,0.0692,0.0980,60,866
0.0016,0.9984,0.1000,25.1190,0.8000,648.89,170.01,0.0693,0.0862,60,867
0.0103,0.9897,0.1000,25.1190,0.9000,642.32,111.74,0.0695,0.0763,60,868
0.0360,0.9640,0.1000,25.1190,1,625.58,75.281,0.0692,0.0690,60,869
0.5024,0.4976,0.7000,1,0.9000,348.59,381.24,1.7376,1.9273,60,87
0.0036,0.9964,0.2000,25.1190,0.0100,650,644.03,0.0690,6.8793,60,870
0.0021,0.9979,0.2000,25.1190,0.1000,650,590.27,0.0689,0.6879,60,871
-9.5440e-05,1.0001,0.2000,25.1190,0.2000,650,529.84,0.0691,0.3438,16,872
-0.0048,1.0048,0.2000,25.1190,0.3000,650,468.78,0.0692,0.2293,60,873
0.0028,0.9972,0.2000,25.1190,0.4000,650,410.32,0.0692,0.1720,60,874
0.0047,0.9953,0.2000,25.1190,0.5000,650,350.18,0.0694,0.1376,60,875
0.0010,0.9990,0.2000,25.1190,0.6000,649.96,289.79,0.0692,0.1147,60,876
6.0098e-04,0.9994,0.2000,25.1190,0.7000,649.67,229.89,0.0691,0.0981,14,877
0.0038,0.9962,0.2000,25.1190,0.8000,648.08,173.54,0.0689,0.0860,60,878
0.0157,0.9843,0.2000,25.1190,0.9000,640.63,118.24,0.0691,0.0763,14,879
0.5147,0.4853,0.7000,1,1,340.82,359.24,1.7370,1.7348,60,88
0.0430,0.9570,0.2000,25.1190,1,618.92,77.376,0.0696,0.0690,60,880
9.9137e-04,0.9990,0.3000,25.1190,0.0100,650,643.97,0.0695,6.8834,60,881
0.0064,0.9936,0.3000,25.1190,0.1000,650,590.54,0.0689,0.6883,60,882
-0.0044,1.0044,0.3000,25.1190,0.2000,650,528.55,0.0696,0.3442,60,883
-4.6533e-05,1.0000,0.3000,25.1190,0.3000,650,469.8,0.0691,0.2293,15,884
-4.6012e-05,1.0000,0.3000,25.1190,0.4000,650,409.76,0.0692,0.1721,34,885
-0.0024,1.0024,0.3000,25.1190,0.5000,649.99,346.78,0.0697,0.1377,60,886
0.0077,0.9923,0.3000,25.1190,0.6000,649.91,295.42,0.0686,0.1147,60,887
-0.0035,1.0035,0.3000,25.1190,0.7000,649.27,229.38,0.0689,0.0983,60,888
0.0033,0.9967,0.3000,25.1190,0.8000,646.64,175.77,0.0687,0.0861,60,889
0.3696,0.6304,0.8000,1,0.0100,428.24,646.22,1.7372,173.5047,60,89
0.0316,0.9684,0.3000,25.1190,0.9000,636.85,122.14,0.0699,0.0767,60,890
0.0532,0.9468,0.3000,25.1190,1,615.48,84.422,0.0691,0.0687,14,891
0.0022,0.9978,0.4000,25.1190,0.0100,650,644.01,0.0691,6.8899,60,892
-0.0013,1.0013,0.4000,25.1190,0.1000,650,590.54,0.0684,0.6890,60,893
0.0014,0.9986,0.4000,25.1190,0.2000,650,529.59,0.0694,0.3445,60,894
-8.5247e-05,1.0001,0.4000,25.1190,0.3000,650,469.83,0.0692,0.2297,60,895
-0.0059,1.0059,0.4000,25.1190,0.4000,650,408,0.0690,0.1721,60,896
-0.0051,1.0051,0.4000,25.1190,0.5000,649.97,348.29,0.0692,0.1378,60,897
0.0058,0.9942,0.4000,25.1190,0.6000,649.81,293.51,0.0688,0.1148,60,898
-0.0030,1.0030,0.4000,25.1190,0.7000,648.67,228.11,0.0692,0.0984,60,899
0.4747,0.5253,0,1,0.8000,365.22,397.75,1.7374,2.1710,60,9
0.3849,0.6151,0.8000,1,0.1000,419.07,613.09,1.7372,17.3505,60,90
0.0065,0.9935,0.4000,25.1190,0.8000,644.71,174.22,0.0690,0.0862,60,900
0.0264,0.9736,0.4000,25.1190,0.9000,633.95,125.34,0.0690,0.0766,60,901
0.0560,0.9440,0.4000,25.1190,1,612.61,85.869,0.0691,0.0689,60,902
3.7324e-04,0.9996,0.5000,25.1190,0.0100,650,644,0.0691,6.8924,60,903
-0.0070,1.0070,0.5000,25.1190,0.1000,650,589.8,0.0688,0.6892,60,904
0.0016,0.9984,0.5000,25.1190,0.2000,650,529.58,0.0695,0.3446,60,905
0.0013,0.9987,0.5000,25.1190,0.3000,650,471.17,0.0687,0.2297,60,906
-4.6379e-05,1.0000,0.5000,25.1190,0.4000,649.99,409.79,0.0692,0.1723,60,907
-0.0037,1.0037,0.5000,25.1190,0.5000,649.93,347.9,0.0694,0.1379,60,908
-0.0025,1.0025,0.5000,25.1190,0.6000,649.57,287.39,0.0694,0.1149,60,909
0.4014,0.5986,0.8000,1,0.2000,409.15,578.17,1.7372,8.6752,60,91
0.0045,0.9955,0.5000,25.1190,0.7000,648.29,233.89,0.0688,0.0985,60,910
0.0060,0.9940,0.5000,25.1190,0.8000,643.01,172.95,0.0690,0.0861,60,911
0.0333,0.9667,0.5000,25.1190,0.9000,630.64,126.2,0.0692,0.0765,60,912
0.0649,0.9351,0.5000,25.1190,1,611.05,92.855,0.0688,0.0692,60,913
-0.0048,1.0048,0.6000,25.1190,0.0100,650,643.95,0.0693,6.8953,60,914
0.0049,0.9951,0.6000,25.1190,0.1000,650,590.31,0.0691,0.6895,60,915
-1.7957e-04,1.0002,0.6000,25.1190,0.2000,650,529.89,0.0691,0.3446,16,916
-1.0637e-04,1.0001,0.6000,25.1190,0.3000,650,469.85,0.0692,0.2298,29,917
-8.8161e-04,1.0009,0.6000,25.1190,0.4000,649.98,409.27,0.0692,0.1724,60,918
-0.0053,1.0053,0.6000,25.1190,0.5000,649.87,349.53,0.0689,0.1379,60,919
0.4175,0.5825,0.8000,1,0.3000,399.49,545.14,1.7372,5.7783,35,92
-0.0036,1.0036,0.6000,25.1190,0.6000,649.22,286.82,0.0695,0.1149,60,920
0.0029,0.9971,0.6000,25.1190,0.7000,647.03,229,0.0695,0.0984,60,921
0.0164,0.9836,0.6000,25.1190,0.8000,640.52,176.24,0.0694,0.0861,60,922
0.0374,0.9626,0.6000,25.1190,0.9000,627.56,130.03,0.0691,0.0765,14,923
0.0709,0.9291,0.6000,25.1190,1,604.76,94.36,0.0692,0.0689,60,924
-2.1982e-04,1.0002,0.7000,25.1190,0.0100,650,644,0.0691,6.8981,60,925
0.0054,0.9946,0.7000,25.1190,0.1000,650,590.13,0.0694,0.6898,60,926
0.0069,0.9931,0.7000,25.1190,0.2000,650,531.02,0.0690,0.3448,60,927
-0.0056,1.0056,0.7000,25.1190,0.3000,649.99,468.42,0.0693,0.2300,60,928
0.0058,0.9942,0.7000,25.1190,0.4000,649.96,412.94,0.0686,0.1722,60,929
0.4331,0.5669,0.8000,1,0.4000,390.18,513.96,1.7366,4.3373,60,93
-0.0014,1.0014,0.7000,25.1190,0.5000,649.68,346.78,0.0694,0.1378,60,930
-0.0020,1.0020,0.7000,25.1190,0.6000,648.6,287.83,0.0695,0.1150,60,931
0.0062,0.9938,0.7000,25.1190,0.7000,645.86,235.21,0.0688,0.0986,60,932
0.0246,0.9754,0.7000,25.1190,0.8000,637.97,179.41,0.0695,0.0861,60,933
0.0449,0.9551,0.7000,25.1190,0.9000,623.09,134.07,0.0692,0.0766,31,934
0.0815,0.9185,0.7000,25.1190,1,599.38,99.245,0.0691,0.0689,60,935
-0.0011,1.0011,0.8000,25.1190,0.0100,650,644.1,0.0678,6.9011,60,936
0.0011,0.9989,0.8000,25.1190,0.1000,650,589.91,0.0693,0.6901,60,937
-0.0065,1.0065,0.8000,25.1190,0.2000,650,528.21,0.0694,0.3448,60,938
-0.0086,1.0086,0.8000,25.1190,0.3000,649.98,467.01,0.0697,0.2300,60,939
0.4484,0.5516,0.8000,1,0.5000,381,484.5,1.7370,3.4698,60,94
9.9222e-05,0.9999,0.8000,25.1190,0.4000,649.89,409.89,0.0692,0.1725,60,940
0.0043,0.9957,0.8000,25.1190,0.5000,649.45,355.07,0.0689,0.1384,60,941
0.0088,0.9912,0.8000,25.1190,0.6000,647.64,290.68,0.0695,0.1151,60,942
0.0137,0.9863,0.8000,25.1190,0.7000,643.18,234.5,0.0691,0.0985,60,943
0.0276,0.9724,0.8000,25.1190,0.8000,633.47,183.02,0.0691,0.0861,14,944
0.0541,0.9459,0.8000,25.1190,0.9000,612.27,130.26,0.0697,0.0764,60,945
0.0913,0.9087,0.8000,25.1190,1,594.04,105.85,0.0692,0.0690,60,946
-0.0026,1.0026,0.9000,25.1190,0.0100,650,643.99,0.0691,6.9031,60,947
-0.0023,1.0023,0.9000,25.1190,0.1000,650,589.91,0.0686,0.6898,60,948
-2.7164e-04,1.0003,0.9000,25.1190,0.2000,650,529.89,0.0692,0.3452,25,949
0.4631,0.5369,0.8000,1,0.6000,372.23,456.79,1.7362,2.8914,60,95
-1.0789e-04,1.0001,0.9000,25.1190,0.3000,649.96,469.86,0.0692,0.2301,60,950
0.0013,0.9987,0.9000,25.1190,0.4000,649.72,410.32,0.0690,0.1725,60,951
0.0020,0.9980,0.9000,25.1190,0.5000,648.72,350.42,0.0692,0.1381,19,952
0.0102,0.9898,0.9000,25.1190,0.6000,645.72,291.11,0.0694,0.1145,60,953
0.0199,0.9801,0.9000,25.1190,0.7000,640.04,241.72,0.0687,0.0987,60,954
0.0401,0.9599,0.9000,25.1190,0.8000,626.6,185.83,0.0690,0.0861,60,955
0.0660,0.9340,0.9000,25.1190,0.9000,608.88,145.57,0.0692,0.0770,60,956
0.1063,0.8937,0.9000,25.1190,1,586.2,113.97,0.0691,0.0690,60,957
0.0014,0.9986,1,25.1190,0.0100,650,644.02,0.0690,6.9156,60,958
-0.0023,1.0023,1,25.1190,0.1000,650,589.82,0.0691,0.6909,16,959
0.4776,0.5224,0.8000,1,0.7000,363.33,430.5,1.7379,2.4788,60,96
1.7534e-04,0.9998,1,25.1190,0.2000,649.99,530.06,0.0692,0.3458,60,960
-0.0036,1.0036,1,25.1190,0.3000,649.87,469.32,0.0691,0.2304,60,961
0.0105,0.9895,1,25.1190,0.4000,649.35,412.66,0.0689,0.1728,60,962
0.0044,0.9956,1,25.1190,0.5000,647.26,351.33,0.0692,0.1383,60,963
0.0165,0.9835,1,25.1190,0.6000,642.74,296.78,0.0690,0.1155,60,964
0.0277,0.9723,1,25.1190,0.7000,633.29,241.67,0.0692,0.0988,60,965
0.0526,0.9474,1,25.1190,0.8000,620.24,198.52,0.0688,0.0864,60,966
0.0876,0.9124,1,25.1190,0.9000,597.7,152.04,0.0698,0.0768,60,967
0.1182,0.8818,1,25.1190,1,576.96,124.43,0.0688,0.0694,60,968
-0.0063,1.0063,0,39.8110,0.0100,650,643.92,0.0440,4.3635,60,969
0.4916,0.5084,0.8000,1,0.8000,355.12,405.9,1.7376,2.1690,60,97
-0.0143,1.0143,0,39.8110,0.1000,650,589.2,0.0436,0.4364,60,970
0.0057,0.9943,0,39.8110,0.2000,650,531.69,0.0433,0.2180,60,971
0.0028,0.9972,0,39.8110,0.3000,650,471.86,0.0432,0.1453,60,972
-0.0052,1.0052,0,39.8110,0.4000,650,407.18,0.0439,0.1091,60,973
0.0023,0.9977,0,39.8110,0.5000,650,352.33,0.0434,0.0873,60,974
-0.0080,1.0080,0,39.8110,0.6000,650,284.52,0.0440,0.0728,60,975
-1.3012e-04,1.0001,0,39.8110,0.7000,650,229.94,0.0436,0.0623,60,976
3.3133e-04,0.9997,0,39.8110,0.8000,649.96,174.49,0.0433,0.0547,60,977
-0.0050,1.0050,0,39.8110,0.9000,647.99,102.67,0.0437,0.0483,60,978
0.0241,0.9759,0,39.8110,1,627,61.215,0.0437,0.0432,60,979
0.5051,0.4949,0.8000,1,0.9000,346.98,382.66,1.7378,1.9278,60,98
-0.0029,1.0029,0.1000,39.8110,0.0100,650,643.99,0.0435,4.3310,60,980
0.0066,0.9934,0.1000,39.8110,0.1000,650,590.54,0.0435,0.4331,60,981
-1.4159e-04,1.0001,0.1000,39.8110,0.2000,650,529.79,0.0436,0.2165,17,982
-7.5104e-05,1.0001,0.1000,39.8110,0.3000,650,469.69,0.0436,0.1443,15,983
0.0089,0.9911,0.1000,39.8110,0.4000,650,407.62,0.0444,0.1082,60,984
-0.0094,1.0094,0.1000,39.8110,0.5000,650,349.55,0.0432,0.0868,60,985
4.2464e-05,1.0000,0.1000,39.8110,0.6000,650,289.55,0.0436,0.0721,14,986
-0.0056,1.0056,0.1000,39.8110,0.7000,650,225.07,0.0439,0.0620,60,987
0.0093,0.9907,0.1000,39.8110,0.8000,649.92,174.39,0.0436,0.0541,60,988
0.0031,0.9969,0.1000,39.8110,0.9000,648.21,111.4,0.0436,0.0481,14,989
0.5176,0.4824,0.8000,1,1,339.09,360.82,1.7374,1.7355,60,99
0.0218,0.9782,0.1000,39.8110,1,632.76,65.67,0.0438,0.0436,60,990
8.5248e-04,0.9991,0.2000,39.8110,0.0100,650,644,0.0437,4.3405,60,991
-0.0059,1.0059,0.2000,39.8110,0.1000,650,589.17,0.0439,0.4341,60,992
4.4052e-04,0.9996,0.2000,39.8110,0.2000,650,529.68,0.0437,0.2170,60,993
0.0024,0.9976,0.2000,39.8110,0.3000,650,470.55,0.0436,0.1447,60,994
-0.0055,1.0055,0.2000,39.8110,0.4000,650,408.83,0.0436,0.1085,60,995
-5.7981e-06,1.0000,0.2000,39.8110,0.5000,650,349.61,0.0436,0.0867,14,996
2.0015e-05,1.0000,0.2000,39.8110,0.6000,650,289.58,0.0436,0.0722,14,997
-0.0022,1.0022,0.2000,39.8110,0.7000,649.98,228.03,0.0437,0.0620,60,998
0.0042,0.9958,0.2000,39.8110,0.8000,649.73,175.65,0.0433,0.0542,60,999
