0,0.01,0.0001,0.00019953
1,0.01,0.0001,0.00039811
2,0.01,0.0001,0.00079433
3,0.01,0.0001,0.0015849
4,0.01,0.0001,0.0031623000000000003
5,0.01,0.0001,0.0063096
6,0.01,0.0001,0.012589
7,0.01,0.0001,0.025119
8,0.01,0.0001,0.050119
9,0.01,0.0001,0.1
10,0.01,0.00019953,0.0001
11,0.01,0.00019953,0.00019953
12,0.01,0.00019953,0.00039811
13,0.01,0.00019953,0.00079433
14,0.01,0.00019953,0.0015849
15,0.01,0.00019953,0.0031623000000000003
16,0.01,0.00019953,0.0063096
17,0.01,0.00019953,0.012589
18,0.01,0.00019953,0.025119
19,0.01,0.00019953,0.050119
20,0.01,0.00019953,0.1
21,0.01,0.00039811,0.0001
22,0.01,0.00039811,0.00019953
23,0.01,0.00039811,0.00039811
24,0.01,0.00039811,0.00079433
25,0.01,0.00039811,0.0015849
26,0.01,0.00039811,0.0031623000000000003
27,0.01,0.00039811,0.0063096
28,0.01,0.00039811,0.012589
29,0.01,0.00039811,0.025119
30,0.01,0.00039811,0.050119
31,0.01,0.00039811,0.1
32,0.01,0.00079433,0.0001
33,0.01,0.00079433,0.00019953
34,0.01,0.00079433,0.00039811
35,0.01,0.00079433,0.00079433
36,0.01,0.00079433,0.0015849
37,0.01,0.00079433,0.0031623000000000003
38,0.01,0.00079433,0.0063096
39,0.01,0.00079433,0.012589
40,0.01,0.00079433,0.025119
41,0.01,0.00079433,0.050119
42,0.01,0.00079433,0.1
43,0.01,0.0015849,0.0001
44,0.01,0.0015849,0.00019953
45,0.01,0.0015849,0.00039811
46,0.01,0.0015849,0.00079433
47,0.01,0.0015849,0.0015849
48,0.01,0.0015849,0.0031623000000000003
49,0.01,0.0015849,0.0063096
50,0.01,0.0015849,0.012589
51,0.01,0.0015849,0.025119
52,0.01,0.0015849,0.050119
53,0.01,0.0015849,0.1
54,0.01,0.0031623000000000003,0.0001
55,0.01,0.0031623000000000003,0.00019953
56,0.01,0.0031623000000000003,0.00039811
57,0.01,0.0031623000000000003,0.00079433
58,0.01,0.0031623000000000003,0.0015849
59,0.01,0.0031623000000000003,0.0031623000000000003
60,0.01,0.0031623000000000003,0.0063096
61,0.01,0.0031623000000000003,0.012589
62,0.01,0.0031623000000000003,0.025119
63,0.01,0.0031623000000000003,0.050119
64,0.01,0.0031623000000000003,0.1
65,0.01,0.0063096,0.0001
66,0.01,0.0063096,0.00019953
67,0.01,0.0063096,0.00039811
68,0.01,0.0063096,0.00079433
69,0.01,0.0063096,0.0015849
70,0.01,0.0063096,0.0031623000000000003
71,0.01,0.0063096,0.0063096
72,0.01,0.0063096,0.012589
73,0.01,0.0063096,0.025119
74,0.01,0.0063096,0.050119
75,0.01,0.0063096,0.1
76,0.01,0.012589,0.0001
77,0.01,0.012589,0.00019953
78,0.01,0.012589,0.00039811
79,0.01,0.012589,0.00079433
80,0.01,0.012589,0.0015849
81,0.01,0.012589,0.0031623000000000003
82,0.01,0.012589,0.0063096
83,0.01,0.012589,0.012589
84,0.01,0.012589,0.025119
85,0.01,0.012589,0.050119
86,0.01,0.012589,0.1
87,0.01,0.025119,0.0001
88,0.01,0.025119,0.00019953
89,0.01,0.025119,0.00039811
90,0.01,0.025119,0.00079433
91,0.01,0.025119,0.0015849
92,0.01,0.025119,0.0031623000000000003
93,0.01,0.025119,0.0063096
94,0.01,0.025119,0.012589
95,0.01,0.025119,0.025119
96,0.01,0.025119,0.050119
97,0.01,0.025119,0.1
98,0.01,0.050119,0.0001
99,0.01,0.050119,0.00019953
100,0.01,0.050119,0.00039811
101,0.01,0.050119,0.00079433
102,0.01,0.050119,0.0015849
103,0.01,0.050119,0.0031623000000000003
104,0.01,0.050119,0.0063096
105,0.01,0.050119,0.012589
106,0.01,0.050119,0.025119
107,0.01,0.050119,0.050119
108,0.01,0.050119,0.1
109,0.01,0.1,0.0001
110,0.01,0.1,0.00019953
111,0.01,0.1,0.00039811
112,0.01,0.1,0.00079433
113,0.01,0.1,0.0015849
114,0.01,0.1,0.0031623000000000003
115,0.01,0.1,0.0063096
116,0.01,0.1,0.012589
117,0.01,0.1,0.025119
118,0.01,0.1,0.050119
119,0.01,0.1,0.1
120,0.019953,0.0001,0.0001
121,0.019953,0.0001,0.00019953
122,0.019953,0.0001,0.00039811
123,0.019953,0.0001,0.00079433
124,0.019953,0.0001,0.0015849
125,0.019953,0.0001,0.0031623000000000003
126,0.019953,0.0001,0.0063096
127,0.019953,0.0001,0.012589
128,0.019953,0.0001,0.025119
129,0.019953,0.0001,0.050119
130,0.019953,0.0001,0.1
131,0.019953,0.00019953,0.0001
132,0.019953,0.00019953,0.00019953
133,0.019953,0.00019953,0.00039811
134,0.019953,0.00019953,0.00079433
135,0.019953,0.00019953,0.0015849
136,0.019953,0.00019953,0.0031623000000000003
137,0.019953,0.00019953,0.0063096
138,0.019953,0.00019953,0.012589
139,0.019953,0.00019953,0.025119
140,0.019953,0.00019953,0.050119
141,0.019953,0.00019953,0.1
142,0.019953,0.00039811,0.0001
143,0.019953,0.00039811,0.00019953
144,0.019953,0.00039811,0.00039811
145,0.019953,0.00039811,0.00079433
146,0.019953,0.00039811,0.0015849
147,0.019953,0.00039811,0.0031623000000000003
148,0.019953,0.00039811,0.0063096
149,0.019953,0.00039811,0.012589
150,0.019953,0.00039811,0.025119
151,0.019953,0.00039811,0.050119
152,0.019953,0.00039811,0.1
153,0.019953,0.00079433,0.0001
154,0.019953,0.00079433,0.00019953
155,0.019953,0.00079433,0.00039811
156,0.019953,0.00079433,0.00079433
157,0.019953,0.00079433,0.0015849
158,0.019953,0.00079433,0.0031623000000000003
159,0.019953,0.00079433,0.0063096
160,0.019953,0.00079433,0.012589
161,0.019953,0.00079433,0.025119
162,0.019953,0.00079433,0.050119
163,0.019953,0.00079433,0.1
164,0.019953,0.0015849,0.0001
165,0.019953,0.0015849,0.00019953
166,0.019953,0.0015849,0.00039811
167,0.019953,0.0015849,0.00079433
168,0.019953,0.0015849,0.0015849
169,0.019953,0.0015849,0.0031623000000000003
170,0.019953,0.0015849,0.0063096
171,0.019953,0.0015849,0.012589
172,0.019953,0.0015849,0.025119
173,0.019953,0.0015849,0.050119
174,0.019953,0.0015849,0.1
175,0.019953,0.0031623000000000003,0.0001
176,0.019953,0.0031623000000000003,0.00019953
177,0.019953,0.0031623000000000003,0.00039811
178,0.019953,0.0031623000000000003,0.00079433
179,0.019953,0.0031623000000000003,0.0015849
180,0.019953,0.0031623000000000003,0.0031623000000000003
181,0.019953,0.0031623000000000003,0.0063096
182,0.019953,0.0031623000000000003,0.012589
183,0.019953,0.0031623000000000003,0.025119
184,0.019953,0.0031623000000000003,0.050119
185,0.019953,0.0031623000000000003,0.1
186,0.019953,0.0063096,0.0001
187,0.019953,0.0063096,0.00019953
188,0.019953,0.0063096,0.00039811
189,0.019953,0.0063096,0.00079433
190,0.019953,0.0063096,0.0015849
191,0.019953,0.0063096,0.0031623000000000003
192,0.019953,0.0063096,0.0063096
193,0.019953,0.0063096,0.012589
194,0.019953,0.0063096,0.025119
195,0.019953,0.0063096,0.050119
196,0.019953,0.0063096,0.1
197,0.019953,0.012589,0.0001
198,0.019953,0.012589,0.00019953
199,0.019953,0.012589,0.00039811
200,0.019953,0.012589,0.00079433
201,0.019953,0.012589,0.0015849
202,0.019953,0.012589,0.0031623000000000003
203,0.019953,0.012589,0.0063096
204,0.019953,0.012589,0.012589
205,0.019953,0.012589,0.025119
206,0.019953,0.012589,0.050119
207,0.019953,0.012589,0.1
208,0.019953,0.025119,0.0001
209,0.019953,0.025119,0.00019953
210,0.019953,0.025119,0.00039811
211,0.019953,0.025119,0.00079433
212,0.019953,0.025119,0.0015849
213,0.019953,0.025119,0.0031623000000000003
214,0.019953,0.025119,0.0063096
215,0.019953,0.025119,0.012589
216,0.019953,0.025119,0.025119
217,0.019953,0.025119,0.050119
218,0.019953,0.025119,0.1
219,0.019953,0.050119,0.0001
220,0.019953,0.050119,0.00019953
221,0.019953,0.050119,0.00039811
222,0.019953,0.050119,0.00079433
223,0.019953,0.050119,0.0015849
224,0.019953,0.050119,0.0031623000000000003
225,0.019953,0.050119,0.0063096
226,0.019953,0.050119,0.012589
227,0.019953,0.050119,0.025119
228,0.019953,0.050119,0.050119
229,0.019953,0.050119,0.1
230,0.019953,0.1,0.0001
231,0.019953,0.1,0.00019953
232,0.019953,0.1,0.00039811
233,0.019953,0.1,0.00079433
234,0.019953,0.1,0.0015849
235,0.019953,0.1,0.0031623000000000003
236,0.019953,0.1,0.0063096
237,0.019953,0.1,0.012589
238,0.019953,0.1,0.025119
239,0.019953,0.1,0.050119
240,0.019953,0.1,0.1
241,0.039811,0.0001,0.0001
242,0.039811,0.0001,0.00019953
243,0.039811,0.0001,0.00039811
244,0.039811,0.0001,0.00079433
245,0.039811,0.0001,0.0015849
246,0.039811,0.0001,0.0031623000000000003
247,0.039811,0.0001,0.0063096
248,0.039811,0.0001,0.012589
249,0.039811,0.0001,0.025119
250,0.039811,0.0001,0.050119
251,0.039811,0.0001,0.1
252,0.039811,0.00019953,0.0001
253,0.039811,0.00019953,0.00019953
254,0.039811,0.00019953,0.00039811
255,0.039811,0.00019953,0.00079433
256,0.039811,0.00019953,0.0015849
257,0.039811,0.00019953,0.0031623000000000003
258,0.039811,0.00019953,0.0063096
259,0.039811,0.00019953,0.012589
260,0.039811,0.00019953,0.025119
261,0.039811,0.00019953,0.050119
262,0.039811,0.00019953,0.1
263,0.039811,0.00039811,0.0001
264,0.039811,0.00039811,0.00019953
265,0.039811,0.00039811,0.00039811
266,0.039811,0.00039811,0.00079433
267,0.039811,0.00039811,0.0015849
268,0.039811,0.00039811,0.0031623000000000003
269,0.039811,0.00039811,0.0063096
270,0.039811,0.00039811,0.012589
271,0.039811,0.00039811,0.025119
272,0.039811,0.00039811,0.050119
273,0.039811,0.00039811,0.1
274,0.039811,0.00079433,0.0001
275,0.039811,0.00079433,0.00019953
276,0.039811,0.00079433,0.00039811
277,0.039811,0.00079433,0.00079433
278,0.039811,0.00079433,0.0015849
279,0.039811,0.00079433,0.0031623000000000003
280,0.039811,0.00079433,0.0063096
281,0.039811,0.00079433,0.012589
282,0.039811,0.00079433,0.025119
283,0.039811,0.00079433,0.050119
284,0.039811,0.00079433,0.1
285,0.039811,0.0015849,0.0001
286,0.039811,0.0015849,0.00019953
287,0.039811,0.0015849,0.00039811
288,0.039811,0.0015849,0.00079433
289,0.039811,0.0015849,0.0015849
290,0.039811,0.0015849,0.0031623000000000003
291,0.039811,0.0015849,0.0063096
292,0.039811,0.0015849,0.012589
293,0.039811,0.0015849,0.025119
294,0.039811,0.0015849,0.050119
295,0.039811,0.0015849,0.1
296,0.039811,0.0031623000000000003,0.0001
297,0.039811,0.0031623000000000003,0.00019953
298,0.039811,0.0031623000000000003,0.00039811
299,0.039811,0.0031623000000000003,0.00079433
300,0.039811,0.0031623000000000003,0.0015849
301,0.039811,0.0031623000000000003,0.0031623000000000003
302,0.039811,0.0031623000000000003,0.0063096
303,0.039811,0.0031623000000000003,0.012589
304,0.039811,0.0031623000000000003,0.025119
305,0.039811,0.0031623000000000003,0.050119
306,0.039811,0.0031623000000000003,0.1
307,0.039811,0.0063096,0.0001
308,0.039811,0.0063096,0.00019953
309,0.039811,0.0063096,0.00039811
310,0.039811,0.0063096,0.00079433
311,0.039811,0.0063096,0.0015849
312,0.039811,0.0063096,0.0031623000000000003
313,0.039811,0.0063096,0.0063096
314,0.039811,0.0063096,0.012589
315,0.039811,0.0063096,0.025119
316,0.039811,0.0063096,0.050119
317,0.039811,0.0063096,0.1
318,0.039811,0.012589,0.0001
319,0.039811,0.012589,0.00019953
320,0.039811,0.012589,0.00039811
321,0.039811,0.012589,0.00079433
322,0.039811,0.012589,0.0015849
323,0.039811,0.012589,0.0031623000000000003
324,0.039811,0.012589,0.0063096
325,0.039811,0.012589,0.012589
326,0.039811,0.012589,0.025119
327,0.039811,0.012589,0.050119
328,0.039811,0.012589,0.1
329,0.039811,0.025119,0.0001
330,0.039811,0.025119,0.00019953
331,0.039811,0.025119,0.00039811
332,0.039811,0.025119,0.00079433
333,0.039811,0.025119,0.0015849
334,0.039811,0.025119,0.0031623000000000003
335,0.039811,0.025119,0.0063096
336,0.039811,0.025119,0.012589
337,0.039811,0.025119,0.025119
338,0.039811,0.025119,0.050119
339,0.039811,0.025119,0.1
340,0.039811,0.050119,0.0001
341,0.039811,0.050119,0.00019953
342,0.039811,0.050119,0.00039811
343,0.039811,0.050119,0.00079433
344,0.039811,0.050119,0.0015849
345,0.039811,0.050119,0.0031623000000000003
346,0.039811,0.050119,0.0063096
347,0.039811,0.050119,0.012589
348,0.039811,0.050119,0.025119
349,0.039811,0.050119,0.050119
350,0.039811,0.050119,0.1
351,0.039811,0.1,0.0001
352,0.039811,0.1,0.00019953
353,0.039811,0.1,0.00039811
354,0.039811,0.1,0.00079433
355,0.039811,0.1,0.0015849
356,0.039811,0.1,0.0031623000000000003
357,0.039811,0.1,0.0063096
358,0.039811,0.1,0.012589
359,0.039811,0.1,0.025119
360,0.039811,0.1,0.050119
361,0.039811,0.1,0.1
362,0.079433,0.0001,0.0001
363,0.079433,0.0001,0.00019953
364,0.079433,0.0001,0.00039811
365,0.079433,0.0001,0.00079433
366,0.079433,0.0001,0.0015849
367,0.079433,0.0001,0.0031623000000000003
368,0.079433,0.0001,0.0063096
369,0.079433,0.0001,0.012589
370,0.079433,0.0001,0.025119
371,0.079433,0.0001,0.050119
372,0.079433,0.0001,0.1
373,0.079433,0.00019953,0.0001
374,0.079433,0.00019953,0.00019953
375,0.079433,0.00019953,0.00039811
376,0.079433,0.00019953,0.00079433
377,0.079433,0.00019953,0.0015849
378,0.079433,0.00019953,0.0031623000000000003
379,0.079433,0.00019953,0.0063096
380,0.079433,0.00019953,0.012589
381,0.079433,0.00019953,0.025119
382,0.079433,0.00019953,0.050119
383,0.079433,0.00019953,0.1
384,0.079433,0.00039811,0.0001
385,0.079433,0.00039811,0.00019953
386,0.079433,0.00039811,0.00039811
387,0.079433,0.00039811,0.00079433
388,0.079433,0.00039811,0.0015849
389,0.079433,0.00039811,0.0031623000000000003
390,0.079433,0.00039811,0.0063096
391,0.079433,0.00039811,0.012589
392,0.079433,0.00039811,0.025119
393,0.079433,0.00039811,0.050119
394,0.079433,0.00039811,0.1
395,0.079433,0.00079433,0.0001
396,0.079433,0.00079433,0.00019953
397,0.079433,0.00079433,0.00039811
398,0.079433,0.00079433,0.00079433
399,0.079433,0.00079433,0.0015849
400,0.079433,0.00079433,0.0031623000000000003
401,0.079433,0.00079433,0.0063096
402,0.079433,0.00079433,0.012589
403,0.079433,0.00079433,0.025119
404,0.079433,0.00079433,0.050119
405,0.079433,0.00079433,0.1
406,0.079433,0.0015849,0.0001
407,0.079433,0.0015849,0.00019953
408,0.079433,0.0015849,0.00039811
409,0.079433,0.0015849,0.00079433
410,0.079433,0.0015849,0.0015849
411,0.079433,0.0015849,0.0031623000000000003
412,0.079433,0.0015849,0.0063096
413,0.079433,0.0015849,0.012589
414,0.079433,0.0015849,0.025119
415,0.079433,0.0015849,0.050119
416,0.079433,0.0015849,0.1
417,0.079433,0.0031623000000000003,0.0001
418,0.079433,0.0031623000000000003,0.00019953
419,0.079433,0.0031623000000000003,0.00039811
420,0.079433,0.0031623000000000003,0.00079433
421,0.079433,0.0031623000000000003,0.0015849
422,0.079433,0.0031623000000000003,0.0031623000000000003
423,0.079433,0.0031623000000000003,0.0063096
424,0.079433,0.0031623000000000003,0.012589
425,0.079433,0.0031623000000000003,0.025119
426,0.079433,0.0031623000000000003,0.050119
427,0.079433,0.0031623000000000003,0.1
428,0.079433,0.0063096,0.0001
429,0.079433,0.0063096,0.00019953
430,0.079433,0.0063096,0.00039811
431,0.079433,0.0063096,0.00079433
432,0.079433,0.0063096,0.0015849
433,0.079433,0.0063096,0.0031623000000000003
434,0.079433,0.0063096,0.0063096
435,0.079433,0.0063096,0.012589
436,0.079433,0.0063096,0.025119
437,0.079433,0.0063096,0.050119
438,0.079433,0.0063096,0.1
439,0.079433,0.012589,0.0001
440,0.079433,0.012589,0.00019953
441,0.079433,0.012589,0.00039811
442,0.079433,0.012589,0.00079433
443,0.079433,0.012589,0.0015849
444,0.079433,0.012589,0.0031623000000000003
445,0.079433,0.012589,0.0063096
446,0.079433,0.012589,0.012589
447,0.079433,0.012589,0.025119
448,0.079433,0.012589,0.050119
449,0.079433,0.012589,0.1
450,0.079433,0.025119,0.0001
451,0.079433,0.025119,0.00019953
452,0.079433,0.025119,0.00039811
453,0.079433,0.025119,0.00079433
454,0.079433,0.025119,0.0015849
455,0.079433,0.025119,0.0031623000000000003
456,0.079433,0.025119,0.0063096
457,0.079433,0.025119,0.012589
458,0.079433,0.025119,0.025119
459,0.079433,0.025119,0.050119
460,0.079433,0.025119,0.1
461,0.079433,0.050119,0.0001
462,0.079433,0.050119,0.00019953
463,0.079433,0.050119,0.00039811
464,0.079433,0.050119,0.00079433
465,0.079433,0.050119,0.0015849
466,0.079433,0.050119,0.0031623000000000003
467,0.079433,0.050119,0.0063096
468,0.079433,0.050119,0.012589
469,0.079433,0.050119,0.025119
470,0.079433,0.050119,0.050119
471,0.079433,0.050119,0.1
472,0.079433,0.1,0.0001
473,0.079433,0.1,0.00019953
474,0.079433,0.1,0.00039811
475,0.079433,0.1,0.00079433
476,0.079433,0.1,0.0015849
477,0.079433,0.1,0.0031623000000000003
478,0.079433,0.1,0.0063096
479,0.079433,0.1,0.012589
480,0.079433,0.1,0.025119
481,0.079433,0.1,0.050119
482,0.079433,0.1,0.1
483,0.15849000000000002,0.0001,0.0001
484,0.15849000000000002,0.0001,0.00019953
485,0.15849000000000002,0.0001,0.00039811
486,0.15849000000000002,0.0001,0.00079433
487,0.15849000000000002,0.0001,0.0015849
488,0.15849000000000002,0.0001,0.0031623000000000003
489,0.15849000000000002,0.0001,0.0063096
490,0.15849000000000002,0.0001,0.012589
491,0.15849000000000002,0.0001,0.025119
492,0.15849000000000002,0.0001,0.050119
493,0.15849000000000002,0.0001,0.1
494,0.15849000000000002,0.00019953,0.0001
495,0.15849000000000002,0.00019953,0.00019953
496,0.15849000000000002,0.00019953,0.00039811
497,0.15849000000000002,0.00019953,0.00079433
498,0.15849000000000002,0.00019953,0.0015849
499,0.15849000000000002,0.00019953,0.0031623000000000003
500,0.15849000000000002,0.00019953,0.0063096
501,0.15849000000000002,0.00019953,0.012589
502,0.15849000000000002,0.00019953,0.025119
503,0.15849000000000002,0.00019953,0.050119
504,0.15849000000000002,0.00019953,0.1
505,0.15849000000000002,0.00039811,0.0001
506,0.15849000000000002,0.00039811,0.00019953
507,0.15849000000000002,0.00039811,0.00039811
508,0.15849000000000002,0.00039811,0.00079433
509,0.15849000000000002,0.00039811,0.0015849
510,0.15849000000000002,0.00039811,0.0031623000000000003
511,0.15849000000000002,0.00039811,0.0063096
512,0.15849000000000002,0.00039811,0.012589
513,0.15849000000000002,0.00039811,0.025119
514,0.15849000000000002,0.00039811,0.050119
515,0.15849000000000002,0.00039811,0.1
516,0.15849000000000002,0.00079433,0.0001
517,0.15849000000000002,0.00079433,0.00019953
518,0.15849000000000002,0.00079433,0.00039811
519,0.15849000000000002,0.00079433,0.00079433
520,0.15849000000000002,0.00079433,0.0015849
521,0.15849000000000002,0.00079433,0.0031623000000000003
522,0.15849000000000002,0.00079433,0.0063096
523,0.15849000000000002,0.00079433,0.012589
524,0.15849000000000002,0.00079433,0.025119
525,0.15849000000000002,0.00079433,0.050119
526,0.15849000000000002,0.00079433,0.1
527,0.15849000000000002,0.0015849,0.0001
528,0.15849000000000002,0.0015849,0.00019953
529,0.15849000000000002,0.0015849,0.00039811
530,0.15849000000000002,0.0015849,0.00079433
531,0.15849000000000002,0.0015849,0.0015849
532,0.15849000000000002,0.0015849,0.0031623000000000003
533,0.15849000000000002,0.0015849,0.0063096
534,0.15849000000000002,0.0015849,0.012589
535,0.15849000000000002,0.0015849,0.025119
536,0.15849000000000002,0.0015849,0.050119
537,0.15849000000000002,0.0015849,0.1
538,0.15849000000000002,0.0031623000000000003,0.0001
539,0.15849000000000002,0.0031623000000000003,0.00019953
540,0.15849000000000002,0.0031623000000000003,0.00039811
541,0.15849000000000002,0.0031623000000000003,0.00079433
542,0.15849000000000002,0.0031623000000000003,0.0015849
543,0.15849000000000002,0.0031623000000000003,0.0031623000000000003
544,0.15849000000000002,0.0031623000000000003,0.0063096
545,0.15849000000000002,0.0031623000000000003,0.012589
546,0.15849000000000002,0.0031623000000000003,0.025119
547,0.15849000000000002,0.0031623000000000003,0.050119
548,0.15849000000000002,0.0031623000000000003,0.1
549,0.15849000000000002,0.0063096,0.0001
550,0.15849000000000002,0.0063096,0.00019953
551,0.15849000000000002,0.0063096,0.00039811
552,0.15849000000000002,0.0063096,0.00079433
553,0.15849000000000002,0.0063096,0.0015849
554,0.15849000000000002,0.0063096,0.0031623000000000003
555,0.15849000000000002,0.0063096,0.0063096
556,0.15849000000000002,0.0063096,0.012589
557,0.15849000000000002,0.0063096,0.025119
558,0.15849000000000002,0.0063096,0.050119
559,0.15849000000000002,0.0063096,0.1
560,0.15849000000000002,0.012589,0.0001
561,0.15849000000000002,0.012589,0.00019953
562,0.15849000000000002,0.012589,0.00039811
563,0.15849000000000002,0.012589,0.00079433
564,0.15849000000000002,0.012589,0.0015849
565,0.15849000000000002,0.012589,0.0031623000000000003
566,0.15849000000000002,0.012589,0.0063096
567,0.15849000000000002,0.012589,0.012589
568,0.15849000000000002,0.012589,0.025119
569,0.15849000000000002,0.012589,0.050119
570,0.15849000000000002,0.012589,0.1
571,0.15849000000000002,0.025119,0.0001
572,0.15849000000000002,0.025119,0.00019953
573,0.15849000000000002,0.025119,0.00039811
574,0.15849000000000002,0.025119,0.00079433
575,0.15849000000000002,0.025119,0.0015849
576,0.15849000000000002,0.025119,0.0031623000000000003
577,0.15849000000000002,0.025119,0.0063096
578,0.15849000000000002,0.025119,0.012589
579,0.15849000000000002,0.025119,0.025119
580,0.15849000000000002,0.025119,0.050119
581,0.15849000000000002,0.025119,0.1
582,0.15849000000000002,0.050119,0.0001
583,0.15849000000000002,0.050119,0.00019953
584,0.15849000000000002,0.050119,0.00039811
585,0.15849000000000002,0.050119,0.00079433
586,0.15849000000000002,0.050119,0.0015849
587,0.15849000000000002,0.050119,0.0031623000000000003
588,0.15849000000000002,0.050119,0.0063096
589,0.15849000000000002,0.050119,0.012589
590,0.15849000000000002,0.050119,0.025119
591,0.15849000000000002,0.050119,0.050119
592,0.15849000000000002,0.050119,0.1
593,0.15849000000000002,0.1,0.0001
594,0.15849000000000002,0.1,0.00019953
595,0.15849000000000002,0.1,0.00039811
596,0.15849000000000002,0.1,0.00079433
597,0.15849000000000002,0.1,0.0015849
598,0.15849000000000002,0.1,0.0031623000000000003
599,0.15849000000000002,0.1,0.0063096
600,0.15849000000000002,0.1,0.012589
601,0.15849000000000002,0.1,0.025119
602,0.15849000000000002,0.1,0.050119
603,0.15849000000000002,0.1,0.1
604,0.31623,0.0001,0.0001
605,0.31623,0.0001,0.00019953
606,0.31623,0.0001,0.00039811
607,0.31623,0.0001,0.00079433
608,0.31623,0.0001,0.0015849
609,0.31623,0.0001,0.0031623000000000003
610,0.31623,0.0001,0.0063096
611,0.31623,0.0001,0.012589
612,0.31623,0.0001,0.025119
613,0.31623,0.0001,0.050119
614,0.31623,0.0001,0.1
615,0.31623,0.00019953,0.0001
616,0.31623,0.00019953,0.00019953
617,0.31623,0.00019953,0.00039811
618,0.31623,0.00019953,0.00079433
619,0.31623,0.00019953,0.0015849
620,0.31623,0.00019953,0.0031623000000000003
621,0.31623,0.00019953,0.0063096
622,0.31623,0.00019953,0.012589
623,0.31623,0.00019953,0.025119
624,0.31623,0.00019953,0.050119
625,0.31623,0.00019953,0.1
626,0.31623,0.00039811,0.0001
627,0.31623,0.00039811,0.00019953
628,0.31623,0.00039811,0.00039811
629,0.31623,0.00039811,0.00079433
630,0.31623,0.00039811,0.0015849
631,0.31623,0.00039811,0.0031623000000000003
632,0.31623,0.00039811,0.0063096
633,0.31623,0.00039811,0.012589
634,0.31623,0.00039811,0.025119
635,0.31623,0.00039811,0.050119
636,0.31623,0.00039811,0.1
637,0.31623,0.00079433,0.0001
638,0.31623,0.00079433,0.00019953
639,0.31623,0.00079433,0.00039811
640,0.31623,0.00079433,0.00079433
641,0.31623,0.00079433,0.0015849
642,0.31623,0.00079433,0.0031623000000000003
643,0.31623,0.00079433,0.0063096
644,0.31623,0.00079433,0.012589
645,0.31623,0.00079433,0.025119
646,0.31623,0.00079433,0.050119
647,0.31623,0.00079433,0.1
648,0.31623,0.0015849,0.0001
649,0.31623,0.0015849,0.00019953
650,0.31623,0.0015849,0.00039811
651,0.31623,0.0015849,0.00079433
652,0.31623,0.0015849,0.0015849
653,0.31623,0.0015849,0.0031623000000000003
654,0.31623,0.0015849,0.0063096
655,0.31623,0.0015849,0.012589
656,0.31623,0.0015849,0.025119
657,0.31623,0.0015849,0.050119
658,0.31623,0.0015849,0.1
659,0.31623,0.0031623000000000003,0.0001
660,0.31623,0.0031623000000000003,0.00019953
661,0.31623,0.0031623000000000003,0.00039811
662,0.31623,0.0031623000000000003,0.00079433
663,0.31623,0.0031623000000000003,0.0015849
664,0.31623,0.0031623000000000003,0.0031623000000000003
665,0.31623,0.0031623000000000003,0.0063096
666,0.31623,0.0031623000000000003,0.012589
667,0.31623,0.0031623000000000003,0.025119
668,0.31623,0.0031623000000000003,0.050119
669,0.31623,0.0031623000000000003,0.1
670,0.31623,0.0063096,0.0001
671,0.31623,0.0063096,0.00019953
672,0.31623,0.0063096,0.00039811
673,0.31623,0.0063096,0.00079433
674,0.31623,0.0063096,0.0015849
675,0.31623,0.0063096,0.0031623000000000003
676,0.31623,0.0063096,0.0063096
677,0.31623,0.0063096,0.012589
678,0.31623,0.0063096,0.025119
679,0.31623,0.0063096,0.050119
680,0.31623,0.0063096,0.1
681,0.31623,0.012589,0.0001
682,0.31623,0.012589,0.00019953
683,0.31623,0.012589,0.00039811
684,0.31623,0.012589,0.00079433
685,0.31623,0.012589,0.0015849
686,0.31623,0.012589,0.0031623000000000003
687,0.31623,0.012589,0.0063096
688,0.31623,0.012589,0.012589
689,0.31623,0.012589,0.025119
690,0.31623,0.012589,0.050119
691,0.31623,0.012589,0.1
692,0.31623,0.025119,0.0001
693,0.31623,0.025119,0.00019953
694,0.31623,0.025119,0.00039811
695,0.31623,0.025119,0.00079433
696,0.31623,0.025119,0.0015849
697,0.31623,0.025119,0.0031623000000000003
698,0.31623,0.025119,0.0063096
699,0.31623,0.025119,0.012589
700,0.31623,0.025119,0.025119
701,0.31623,0.025119,0.050119
702,0.31623,0.025119,0.1
703,0.31623,0.050119,0.0001
704,0.31623,0.050119,0.00019953
705,0.31623,0.050119,0.00039811
706,0.31623,0.050119,0.00079433
707,0.31623,0.050119,0.0015849
708,0.31623,0.050119,0.0031623000000000003
709,0.31623,0.050119,0.0063096
710,0.31623,0.050119,0.012589
711,0.31623,0.050119,0.025119
712,0.31623,0.050119,0.050119
713,0.31623,0.050119,0.1
714,0.31623,0.1,0.0001
715,0.31623,0.1,0.00019953
716,0.31623,0.1,0.00039811
717,0.31623,0.1,0.00079433
718,0.31623,0.1,0.0015849
719,0.31623,0.1,0.0031623000000000003
720,0.31623,0.1,0.0063096
721,0.31623,0.1,0.012589
722,0.31623,0.1,0.025119
723,0.31623,0.1,0.050119
724,0.31623,0.1,0.1
725,0.6309600000000001,0.0001,0.0001
726,0.6309600000000001,0.0001,0.00019953
727,0.6309600000000001,0.0001,0.00039811
728,0.6309600000000001,0.0001,0.00079433
729,0.6309600000000001,0.0001,0.0015849
730,0.6309600000000001,0.0001,0.0031623000000000003
731,0.6309600000000001,0.0001,0.0063096
732,0.6309600000000001,0.0001,0.012589
733,0.6309600000000001,0.0001,0.025119
734,0.6309600000000001,0.0001,0.050119
735,0.6309600000000001,0.0001,0.1
736,0.6309600000000001,0.00019953,0.0001
737,0.6309600000000001,0.00019953,0.00019953
738,0.6309600000000001,0.00019953,0.00039811
739,0.6309600000000001,0.00019953,0.00079433
740,0.6309600000000001,0.00019953,0.0015849
741,0.6309600000000001,0.00019953,0.0031623000000000003
742,0.6309600000000001,0.00019953,0.0063096
743,0.6309600000000001,0.00019953,0.012589
744,0.6309600000000001,0.00019953,0.025119
745,0.6309600000000001,0.00019953,0.050119
746,0.6309600000000001,0.00019953,0.1
747,0.6309600000000001,0.00039811,0.0001
748,0.6309600000000001,0.00039811,0.00019953
749,0.6309600000000001,0.00039811,0.00039811
750,0.6309600000000001,0.00039811,0.00079433
751,0.6309600000000001,0.00039811,0.0015849
752,0.6309600000000001,0.00039811,0.0031623000000000003
753,0.6309600000000001,0.00039811,0.0063096
754,0.6309600000000001,0.00039811,0.012589
755,0.6309600000000001,0.00039811,0.025119
756,0.6309600000000001,0.00039811,0.050119
757,0.6309600000000001,0.00039811,0.1
758,0.6309600000000001,0.00079433,0.0001
759,0.6309600000000001,0.00079433,0.00019953
760,0.6309600000000001,0.00079433,0.00039811
761,0.6309600000000001,0.00079433,0.00079433
762,0.6309600000000001,0.00079433,0.0015849
763,0.6309600000000001,0.00079433,0.0031623000000000003
764,0.6309600000000001,0.00079433,0.0063096
765,0.6309600000000001,0.00079433,0.012589
766,0.6309600000000001,0.00079433,0.025119
767,0.6309600000000001,0.00079433,0.050119
768,0.6309600000000001,0.00079433,0.1
769,0.6309600000000001,0.0015849,0.0001
770,0.6309600000000001,0.0015849,0.00019953
771,0.6309600000000001,0.0015849,0.00039811
772,0.6309600000000001,0.0015849,0.00079433
773,0.6309600000000001,0.0015849,0.0015849
774,0.6309600000000001,0.0015849,0.0031623000000000003
775,0.6309600000000001,0.0015849,0.0063096
776,0.6309600000000001,0.0015849,0.012589
777,0.6309600000000001,0.0015849,0.025119
778,0.6309600000000001,0.0015849,0.050119
779,0.6309600000000001,0.0015849,0.1
780,0.6309600000000001,0.0031623000000000003,0.0001
781,0.6309600000000001,0.0031623000000000003,0.00019953
782,0.6309600000000001,0.0031623000000000003,0.00039811
783,0.6309600000000001,0.0031623000000000003,0.00079433
784,0.6309600000000001,0.0031623000000000003,0.0015849
785,0.6309600000000001,0.0031623000000000003,0.0031623000000000003
786,0.6309600000000001,0.0031623000000000003,0.0063096
787,0.6309600000000001,0.0031623000000000003,0.012589
788,0.6309600000000001,0.0031623000000000003,0.025119
789,0.6309600000000001,0.0031623000000000003,0.050119
790,0.6309600000000001,0.0031623000000000003,0.1
791,0.6309600000000001,0.0063096,0.0001
792,0.6309600000000001,0.0063096,0.00019953
793,0.6309600000000001,0.0063096,0.00039811
794,0.6309600000000001,0.0063096,0.00079433
795,0.6309600000000001,0.0063096,0.0015849
796,0.6309600000000001,0.0063096,0.0031623000000000003
797,0.6309600000000001,0.0063096,0.0063096
798,0.6309600000000001,0.0063096,0.012589
799,0.6309600000000001,0.0063096,0.025119
800,0.6309600000000001,0.0063096,0.050119
801,0.6309600000000001,0.0063096,0.1
802,0.6309600000000001,0.012589,0.0001
803,0.6309600000000001,0.012589,0.00019953
804,0.6309600000000001,0.012589,0.00039811
805,0.6309600000000001,0.012589,0.00079433
806,0.6309600000000001,0.012589,0.0015849
807,0.6309600000000001,0.012589,0.0031623000000000003
808,0.6309600000000001,0.012589,0.0063096
809,0.6309600000000001,0.012589,0.012589
810,0.6309600000000001,0.012589,0.025119
811,0.6309600000000001,0.012589,0.050119
812,0.6309600000000001,0.012589,0.1
813,0.6309600000000001,0.025119,0.0001
814,0.6309600000000001,0.025119,0.00019953
815,0.6309600000000001,0.025119,0.00039811
816,0.6309600000000001,0.025119,0.00079433
817,0.6309600000000001,0.025119,0.0015849
818,0.6309600000000001,0.025119,0.0031623000000000003
819,0.6309600000000001,0.025119,0.0063096
820,0.6309600000000001,0.025119,0.012589
821,0.6309600000000001,0.025119,0.025119
822,0.6309600000000001,0.025119,0.050119
823,0.6309600000000001,0.025119,0.1
824,0.6309600000000001,0.050119,0.0001
825,0.6309600000000001,0.050119,0.00019953
826,0.6309600000000001,0.050119,0.00039811
827,0.6309600000000001,0.050119,0.00079433
828,0.6309600000000001,0.050119,0.0015849
829,0.6309600000000001,0.050119,0.0031623000000000003
830,0.6309600000000001,0.050119,0.0063096
831,0.6309600000000001,0.050119,0.012589
832,0.6309600000000001,0.050119,0.025119
833,0.6309600000000001,0.050119,0.050119
834,0.6309600000000001,0.050119,0.1
835,0.6309600000000001,0.1,0.0001
836,0.6309600000000001,0.1,0.00019953
837,0.6309600000000001,0.1,0.00039811
838,0.6309600000000001,0.1,0.00079433
839,0.6309600000000001,0.1,0.0015849
840,0.6309600000000001,0.1,0.0031623000000000003
841,0.6309600000000001,0.1,0.0063096
842,0.6309600000000001,0.1,0.012589
843,0.6309600000000001,0.1,0.025119
844,0.6309600000000001,0.1,0.050119
845,0.6309600000000001,0.1,0.1
846,1.2589,0.0001,0.0001
847,1.2589,0.0001,0.00019953
848,1.2589,0.0001,0.00039811
849,1.2589,0.0001,0.00079433
850,1.2589,0.0001,0.0015849
851,1.2589,0.0001,0.0031623000000000003
852,1.2589,0.0001,0.0063096
853,1.2589,0.0001,0.012589
854,1.2589,0.0001,0.025119
855,1.2589,0.0001,0.050119
856,1.2589,0.0001,0.1
857,1.2589,0.00019953,0.0001
858,1.2589,0.00019953,0.00019953
859,1.2589,0.00019953,0.00039811
860,1.2589,0.00019953,0.00079433
861,1.2589,0.00019953,0.0015849
862,1.2589,0.00019953,0.0031623000000000003
863,1.2589,0.00019953,0.0063096
864,1.2589,0.00019953,0.012589
865,1.2589,0.00019953,0.025119
866,1.2589,0.00019953,0.050119
867,1.2589,0.00019953,0.1
868,1.2589,0.00039811,0.0001
869,1.2589,0.00039811,0.00019953
870,1.2589,0.00039811,0.00039811
871,1.2589,0.00039811,0.00079433
872,1.2589,0.00039811,0.0015849
873,1.2589,0.00039811,0.0031623000000000003
874,1.2589,0.00039811,0.0063096
875,1.2589,0.00039811,0.012589
876,1.2589,0.00039811,0.025119
877,1.2589,0.00039811,0.050119
878,1.2589,0.00039811,0.1
879,1.2589,0.00079433,0.0001
880,1.2589,0.00079433,0.00019953
881,1.2589,0.00079433,0.00039811
882,1.2589,0.00079433,0.00079433
883,1.2589,0.00079433,0.0015849
884,1.2589,0.00079433,0.0031623000000000003
885,1.2589,0.00079433,0.0063096
886,1.2589,0.00079433,0.012589
887,1.2589,0.00079433,0.025119
888,1.2589,0.00079433,0.050119
889,1.2589,0.00079433,0.1
890,1.2589,0.0015849,0.0001
891,1.2589,0.0015849,0.00019953
892,1.2589,0.0015849,0.00039811
893,1.2589,0.0015849,0.00079433
894,1.2589,0.0015849,0.0015849
895,1.2589,0.0015849,0.0031623000000000003
896,1.2589,0.0015849,0.0063096
897,1.2589,0.0015849,0.012589
898,1.2589,0.0015849,0.025119
899,1.2589,0.0015849,0.050119
900,1.2589,0.0015849,0.1
901,1.2589,0.0031623000000000003,0.0001
902,1.2589,0.0031623000000000003,0.00019953
903,1.2589,0.0031623000000000003,0.00039811
904,1.2589,0.0031623000000000003,0.00079433
905,1.2589,0.0031623000000000003,0.0015849
906,1.2589,0.0031623000000000003,0.0031623000000000003
907,1.2589,0.0031623000000000003,0.0063096
908,1.2589,0.0031623000000000003,0.012589
909,1.2589,0.0031623000000000003,0.025119
910,1.2589,0.0031623000000000003,0.050119
911,1.2589,0.0031623000000000003,0.1
912,1.2589,0.0063096,0.0001
913,1.2589,0.0063096,0.00019953
914,1.2589,0.0063096,0.00039811
915,1.2589,0.0063096,0.00079433
916,1.2589,0.0063096,0.0015849
917,1.2589,0.0063096,0.0031623000000000003
918,1.2589,0.0063096,0.0063096
919,1.2589,0.0063096,0.012589
920,1.2589,0.0063096,0.025119
921,1.2589,0.0063096,0.050119
922,1.2589,0.0063096,0.1
923,1.2589,0.012589,0.0001
924,1.2589,0.012589,0.00019953
925,1.2589,0.012589,0.00039811
926,1.2589,0.012589,0.00079433
927,1.2589,0.012589,0.0015849
928,1.2589,0.012589,0.0031623000000000003
929,1.2589,0.012589,0.0063096
930,1.2589,0.012589,0.012589
931,1.2589,0.012589,0.025119
932,1.2589,0.012589,0.050119
933,1.2589,0.012589,0.1
934,1.2589,0.025119,0.0001
935,1.2589,0.025119,0.00019953
936,1.2589,0.025119,0.00039811
937,1.2589,0.025119,0.00079433
938,1.2589,0.025119,0.0015849
939,1.2589,0.025119,0.0031623000000000003
940,1.2589,0.025119,0.0063096
941,1.2589,0.025119,0.012589
942,1.2589,0.025119,0.025119
943,1.2589,0.025119,0.050119
944,1.2589,0.025119,0.1
945,1.2589,0.050119,0.0001
946,1.2589,0.050119,0.00019953
947,1.2589,0.050119,0.00039811
948,1.2589,0.050119,0.00079433
949,1.2589,0.050119,0.0015849
950,1.2589,0.050119,0.0031623000000000003
951,1.2589,0.050119,0.0063096
952,1.2589,0.050119,0.012589
953,1.2589,0.050119,0.025119
954,1.2589,0.050119,0.050119
955,1.2589,0.050119,0.1
956,1.2589,0.1,0.0001
957,1.2589,0.1,0.00019953
958,1.2589,0.1,0.00039811
959,1.2589,0.1,0.00079433
960,1.2589,0.1,0.0015849
961,1.2589,0.1,0.0031623000000000003
962,1.2589,0.1,0.0063096
963,1.2589,0.1,0.012589
964,1.2589,0.1,0.025119
965,1.2589,0.1,0.050119
966,1.2589,0.1,0.1
967,2.5119,0.0001,0.0001
968,2.5119,0.0001,0.00019953
969,2.5119,0.0001,0.00039811
970,2.5119,0.0001,0.00079433
971,2.5119,0.0001,0.0015849
972,2.5119,0.0001,0.0031623000000000003
973,2.5119,0.0001,0.0063096
974,2.5119,0.0001,0.012589
975,2.5119,0.0001,0.025119
976,2.5119,0.0001,0.050119
977,2.5119,0.0001,0.1
978,2.5119,0.00019953,0.0001
979,2.5119,0.00019953,0.00019953
980,2.5119,0.00019953,0.00039811
981,2.5119,0.00019953,0.00079433
982,2.5119,0.00019953,0.0015849
983,2.5119,0.00019953,0.0031623000000000003
984,2.5119,0.00019953,0.0063096
985,2.5119,0.00019953,0.012589
986,2.5119,0.00019953,0.025119
987,2.5119,0.00019953,0.050119
988,2.5119,0.00019953,0.1
989,2.5119,0.00039811,0.0001
990,2.5119,0.00039811,0.00019953
991,2.5119,0.00039811,0.00039811
992,2.5119,0.00039811,0.00079433
993,2.5119,0.00039811,0.0015849
994,2.5119,0.00039811,0.0031623000000000003
995,2.5119,0.00039811,0.0063096
996,2.5119,0.00039811,0.012589
997,2.5119,0.00039811,0.025119
998,2.5119,0.00039811,0.050119
999,2.5119,0.00039811,0.1
1000,2.5119,0.00079433,0.0001
1001,2.5119,0.00079433,0.00019953
1002,2.5119,0.00079433,0.00039811
1003,2.5119,0.00079433,0.00079433
1004,2.5119,0.00079433,0.0015849
1005,2.5119,0.00079433,0.0031623000000000003
1006,2.5119,0.00079433,0.0063096
1007,2.5119,0.00079433,0.012589
1008,2.5119,0.00079433,0.025119
1009,2.5119,0.00079433,0.050119
1010,2.5119,0.00079433,0.1
1011,2.5119,0.0015849,0.0001
1012,2.5119,0.0015849,0.00019953
1013,2.5119,0.0015849,0.00039811
1014,2.5119,0.0015849,0.00079433
1015,2.5119,0.0015849,0.0015849
1016,2.5119,0.0015849,0.0031623000000000003
1017,2.5119,0.0015849,0.0063096
1018,2.5119,0.0015849,0.012589
1019,2.5119,0.0015849,0.025119
1020,2.5119,0.0015849,0.050119
1021,2.5119,0.0015849,0.1
1022,2.5119,0.0031623000000000003,0.0001
1023,2.5119,0.0031623000000000003,0.00019953
1024,2.5119,0.0031623000000000003,0.00039811
1025,2.5119,0.0031623000000000003,0.00079433
1026,2.5119,0.0031623000000000003,0.0015849
1027,2.5119,0.0031623000000000003,0.0031623000000000003
1028,2.5119,0.0031623000000000003,0.0063096
1029,2.5119,0.0031623000000000003,0.012589
1030,2.5119,0.0031623000000000003,0.025119
1031,2.5119,0.0031623000000000003,0.050119
1032,2.5119,0.0031623000000000003,0.1
1033,2.5119,0.0063096,0.0001
1034,2.5119,0.0063096,0.00019953
1035,2.5119,0.0063096,0.00039811
1036,2.5119,0.0063096,0.00079433
1037,2.5119,0.0063096,0.0015849
1038,2.5119,0.0063096,0.0031623000000000003
1039,2.5119,0.0063096,0.0063096
1040,2.5119,0.0063096,0.012589
1041,2.5119,0.0063096,0.025119
1042,2.5119,0.0063096,0.050119
1043,2.5119,0.0063096,0.1
1044,2.5119,0.012589,0.0001
1045,2.5119,0.012589,0.00019953
1046,2.5119,0.012589,0.00039811
1047,2.5119,0.012589,0.00079433
1048,2.5119,0.012589,0.0015849
1049,2.5119,0.012589,0.0031623000000000003
1050,2.5119,0.012589,0.0063096
1051,2.5119,0.012589,0.012589
1052,2.5119,0.012589,0.025119
1053,2.5119,0.012589,0.050119
1054,2.5119,0.012589,0.1
1055,2.5119,0.025119,0.0001
1056,2.5119,0.025119,0.00019953
1057,2.5119,0.025119,0.00039811
1058,2.5119,0.025119,0.00079433
1059,2.5119,0.025119,0.0015849
1060,2.5119,0.025119,0.0031623000000000003
1061,2.5119,0.025119,0.0063096
1062,2.5119,0.025119,0.012589
1063,2.5119,0.025119,0.025119
1064,2.5119,0.025119,0.050119
1065,2.5119,0.025119,0.1
1066,2.5119,0.050119,0.0001
1067,2.5119,0.050119,0.00019953
1068,2.5119,0.050119,0.00039811
1069,2.5119,0.050119,0.00079433
1070,2.5119,0.050119,0.0015849
1071,2.5119,0.050119,0.0031623000000000003
1072,2.5119,0.050119,0.0063096
1073,2.5119,0.050119,0.012589
1074,2.5119,0.050119,0.025119
1075,2.5119,0.050119,0.050119
1076,2.5119,0.050119,0.1
1077,2.5119,0.1,0.0001
1078,2.5119,0.1,0.00019953
1079,2.5119,0.1,0.00039811
1080,2.5119,0.1,0.00079433
1081,2.5119,0.1,0.0015849
1082,2.5119,0.1,0.0031623000000000003
1083,2.5119,0.1,0.0063096
1084,2.5119,0.1,0.012589
1085,2.5119,0.1,0.025119
1086,2.5119,0.1,0.050119
1087,2.5119,0.1,0.1
1088,5.0119,0.0001,0.0001
1089,5.0119,0.0001,0.00019953
1090,5.0119,0.0001,0.00039811
1091,5.0119,0.0001,0.00079433
1092,5.0119,0.0001,0.0015849
1093,5.0119,0.0001,0.0031623000000000003
1094,5.0119,0.0001,0.0063096
1095,5.0119,0.0001,0.012589
1096,5.0119,0.0001,0.025119
1097,5.0119,0.0001,0.050119
1098,5.0119,0.0001,0.1
1099,5.0119,0.00019953,0.0001
1100,5.0119,0.00019953,0.00019953
1101,5.0119,0.00019953,0.00039811
1102,5.0119,0.00019953,0.00079433
1103,5.0119,0.00019953,0.0015849
1104,5.0119,0.00019953,0.0031623000000000003
1105,5.0119,0.00019953,0.0063096
1106,5.0119,0.00019953,0.012589
1107,5.0119,0.00019953,0.025119
1108,5.0119,0.00019953,0.050119
1109,5.0119,0.00019953,0.1
1110,5.0119,0.00039811,0.0001
1111,5.0119,0.00039811,0.00019953
1112,5.0119,0.00039811,0.00039811
1113,5.0119,0.00039811,0.00079433
1114,5.0119,0.00039811,0.0015849
1115,5.0119,0.00039811,0.0031623000000000003
1116,5.0119,0.00039811,0.0063096
1117,5.0119,0.00039811,0.012589
1118,5.0119,0.00039811,0.025119
1119,5.0119,0.00039811,0.050119
1120,5.0119,0.00039811,0.1
1121,5.0119,0.00079433,0.0001
1122,5.0119,0.00079433,0.00019953
1123,5.0119,0.00079433,0.00039811
1124,5.0119,0.00079433,0.00079433
1125,5.0119,0.00079433,0.0015849
1126,5.0119,0.00079433,0.0031623000000000003
1127,5.0119,0.00079433,0.0063096
1128,5.0119,0.00079433,0.012589
1129,5.0119,0.00079433,0.025119
1130,5.0119,0.00079433,0.050119
1131,5.0119,0.00079433,0.1
1132,5.0119,0.0015849,0.0001
1133,5.0119,0.0015849,0.00019953
1134,5.0119,0.0015849,0.00039811
1135,5.0119,0.0015849,0.00079433
1136,5.0119,0.0015849,0.0015849
1137,5.0119,0.0015849,0.0031623000000000003
1138,5.0119,0.0015849,0.0063096
1139,5.0119,0.0015849,0.012589
1140,5.0119,0.0015849,0.025119
1141,5.0119,0.0015849,0.050119
1142,5.0119,0.0015849,0.1
1143,5.0119,0.0031623000000000003,0.0001
1144,5.0119,0.0031623000000000003,0.00019953
1145,5.0119,0.0031623000000000003,0.00039811
1146,5.0119,0.0031623000000000003,0.00079433
1147,5.0119,0.0031623000000000003,0.0015849
1148,5.0119,0.0031623000000000003,0.0031623000000000003
1149,5.0119,0.0031623000000000003,0.0063096
1150,5.0119,0.0031623000000000003,0.012589
1151,5.0119,0.0031623000000000003,0.025119
1152,5.0119,0.0031623000000000003,0.050119
1153,5.0119,0.0031623000000000003,0.1
1154,5.0119,0.0063096,0.0001
1155,5.0119,0.0063096,0.00019953
1156,5.0119,0.0063096,0.00039811
1157,5.0119,0.0063096,0.00079433
1158,5.0119,0.0063096,0.0015849
1159,5.0119,0.0063096,0.0031623000000000003
1160,5.0119,0.0063096,0.0063096
1161,5.0119,0.0063096,0.012589
1162,5.0119,0.0063096,0.025119
1163,5.0119,0.0063096,0.050119
1164,5.0119,0.0063096,0.1
1165,5.0119,0.012589,0.0001
1166,5.0119,0.012589,0.00019953
1167,5.0119,0.012589,0.00039811
1168,5.0119,0.012589,0.00079433
1169,5.0119,0.012589,0.0015849
1170,5.0119,0.012589,0.0031623000000000003
1171,5.0119,0.012589,0.0063096
1172,5.0119,0.012589,0.012589
1173,5.0119,0.012589,0.025119
1174,5.0119,0.012589,0.050119
1175,5.0119,0.012589,0.1
1176,5.0119,0.025119,0.0001
1177,5.0119,0.025119,0.00019953
1178,5.0119,0.025119,0.00039811
1179,5.0119,0.025119,0.00079433
1180,5.0119,0.025119,0.0015849
1181,5.0119,0.025119,0.0031623000000000003
1182,5.0119,0.025119,0.0063096
1183,5.0119,0.025119,0.012589
1184,5.0119,0.025119,0.025119
1185,5.0119,0.025119,0.050119
1186,5.0119,0.025119,0.1
1187,5.0119,0.050119,0.0001
1188,5.0119,0.050119,0.00019953
1189,5.0119,0.050119,0.00039811
1190,5.0119,0.050119,0.00079433
1191,5.0119,0.050119,0.0015849
1192,5.0119,0.050119,0.0031623000000000003
1193,5.0119,0.050119,0.0063096
1194,5.0119,0.050119,0.012589
1195,5.0119,0.050119,0.025119
1196,5.0119,0.050119,0.050119
1197,5.0119,0.050119,0.1
1198,5.0119,0.1,0.0001
1199,5.0119,0.1,0.00019953
1200,5.0119,0.1,0.00039811
1201,5.0119,0.1,0.00079433
1202,5.0119,0.1,0.0015849
1203,5.0119,0.1,0.0031623000000000003
1204,5.0119,0.1,0.0063096
1205,5.0119,0.1,0.012589
1206,5.0119,0.1,0.025119
1207,5.0119,0.1,0.050119
1208,5.0119,0.1,0.1
1209,10.0,0.0001,0.0001
1210,10.0,0.0001,0.00019953
1211,10.0,0.0001,0.00039811
1212,10.0,0.0001,0.00079433
1213,10.0,0.0001,0.0015849
1214,10.0,0.0001,0.0031623000000000003
1215,10.0,0.0001,0.0063096
1216,10.0,0.0001,0.012589
1217,10.0,0.0001,0.025119
1218,10.0,0.0001,0.050119
1219,10.0,0.0001,0.1
1220,10.0,0.00019953,0.0001
1221,10.0,0.00019953,0.00019953
1222,10.0,0.00019953,0.00039811
1223,10.0,0.00019953,0.00079433
1224,10.0,0.00019953,0.0015849
1225,10.0,0.00019953,0.0031623000000000003
1226,10.0,0.00019953,0.0063096
1227,10.0,0.00019953,0.012589
1228,10.0,0.00019953,0.025119
1229,10.0,0.00019953,0.050119
1230,10.0,0.00019953,0.1
1231,10.0,0.00039811,0.0001
1232,10.0,0.00039811,0.00019953
1233,10.0,0.00039811,0.00039811
1234,10.0,0.00039811,0.00079433
1235,10.0,0.00039811,0.0015849
1236,10.0,0.00039811,0.0031623000000000003
1237,10.0,0.00039811,0.0063096
1238,10.0,0.00039811,0.012589
1239,10.0,0.00039811,0.025119
1240,10.0,0.00039811,0.050119
1241,10.0,0.00039811,0.1
1242,10.0,0.00079433,0.0001
1243,10.0,0.00079433,0.00019953
1244,10.0,0.00079433,0.00039811
1245,10.0,0.00079433,0.00079433
1246,10.0,0.00079433,0.0015849
1247,10.0,0.00079433,0.0031623000000000003
1248,10.0,0.00079433,0.0063096
1249,10.0,0.00079433,0.012589
1250,10.0,0.00079433,0.025119
1251,10.0,0.00079433,0.050119
1252,10.0,0.00079433,0.1
1253,10.0,0.0015849,0.0001
1254,10.0,0.0015849,0.00019953
1255,10.0,0.0015849,0.00039811
1256,10.0,0.0015849,0.00079433
1257,10.0,0.0015849,0.0015849
1258,10.0,0.0015849,0.0031623000000000003
1259,10.0,0.0015849,0.0063096
1260,10.0,0.0015849,0.012589
1261,10.0,0.0015849,0.025119
1262,10.0,0.0015849,0.050119
1263,10.0,0.0015849,0.1
1264,10.0,0.0031623000000000003,0.0001
1265,10.0,0.0031623000000000003,0.00019953
1266,10.0,0.0031623000000000003,0.00039811
1267,10.0,0.0031623000000000003,0.00079433
1268,10.0,0.0031623000000000003,0.0015849
1269,10.0,0.0031623000000000003,0.0031623000000000003
1270,10.0,0.0031623000000000003,0.0063096
1271,10.0,0.0031623000000000003,0.012589
1272,10.0,0.0031623000000000003,0.025119
1273,10.0,0.0031623000000000003,0.050119
1274,10.0,0.0031623000000000003,0.1
1275,10.0,0.0063096,0.0001
1276,10.0,0.0063096,0.00019953
1277,10.0,0.0063096,0.00039811
1278,10.0,0.0063096,0.00079433
1279,10.0,0.0063096,0.0015849
1280,10.0,0.0063096,0.0031623000000000003
1281,10.0,0.0063096,0.0063096
1282,10.0,0.0063096,0.012589
1283,10.0,0.0063096,0.025119
1284,10.0,0.0063096,0.050119
1285,10.0,0.0063096,0.1
1286,10.0,0.012589,0.0001
1287,10.0,0.012589,0.00019953
1288,10.0,0.012589,0.00039811
1289,10.0,0.012589,0.00079433
1290,10.0,0.012589,0.0015849
1291,10.0,0.012589,0.0031623000000000003
1292,10.0,0.012589,0.0063096
1293,10.0,0.012589,0.012589
1294,10.0,0.012589,0.025119
1295,10.0,0.012589,0.050119
1296,10.0,0.012589,0.1
1297,10.0,0.025119,0.0001
1298,10.0,0.025119,0.00019953
1299,10.0,0.025119,0.00039811
1300,10.0,0.025119,0.00079433
1301,10.0,0.025119,0.0015849
1302,10.0,0.025119,0.0031623000000000003
1303,10.0,0.025119,0.0063096
1304,10.0,0.025119,0.012589
1305,10.0,0.025119,0.025119
1306,10.0,0.025119,0.050119
1307,10.0,0.025119,0.1
1308,10.0,0.050119,0.0001
1309,10.0,0.050119,0.00019953
1310,10.0,0.050119,0.00039811
1311,10.0,0.050119,0.00079433
1312,10.0,0.050119,0.0015849
1313,10.0,0.050119,0.0031623000000000003
1314,10.0,0.050119,0.0063096
1315,10.0,0.050119,0.012589
1316,10.0,0.050119,0.025119
1317,10.0,0.050119,0.050119
1318,10.0,0.050119,0.1
1319,10.0,0.1,0.0001
1320,10.0,0.1,0.00019953
1321,10.0,0.1,0.00039811
1322,10.0,0.1,0.00079433
1323,10.0,0.1,0.0015849
1324,10.0,0.1,0.0031623000000000003
1325,10.0,0.1,0.0063096
1326,10.0,0.1,0.012589
1327,10.0,0.1,0.025119
1328,10.0,0.1,0.050119
1329,10.0,0.1,0.1
1330,0.01,0.0001,0.0001