ineff,eff,C_r,alpha,NTU,T_H_out,T_C_out,run
1.0000,2.5170e-05,0,1.0000e-04,1,50,69.603,1
0.4720,0.5280,0.9000,1.0000e-04,1,209.31,214,10
1.0000,-1.1179e-05,0,0.9000,1,0,0,100
0.0457,0.9543,0.9000,0.2000,39.8110,82.818,638.85,1000
0.0344,0.9656,1,0.2000,39.8110,70.786,629.21,1001
1.0003,-2.7068e-04,0,0.3000,39.8110,0,0,1002
-0.1012,1.1012,0.1000,0.3000,39.8110,577.43,650,1003
-0.0140,1.0140,0.2000,0.3000,39.8110,525.65,650,1004
0.0850,0.9150,0.3000,0.3000,39.8110,488.23,650,1005
0.0067,0.9933,0.4000,0.3000,39.8110,422.62,650,1006
0.0111,0.9889,0.5000,0.3000,39.8110,328.18,650,1007
-0.0800,1.0800,0.6000,0.3000,39.8110,256.04,649.98,1008
0.1151,0.8849,0.7000,0.3000,39.8110,280.61,650,1009
0.3849,0.6151,0.1000,0.9000,1,613.11,418.4,101
-0.0862,1.0862,0.8000,0.3000,39.8110,123.7,642.29,1010
-0.0613,1.0613,0.9000,0.3000,39.8110,63.669,595.74,1011
0.0257,0.9743,1,0.3000,39.8110,65.763,605.6,1012
1.0003,-3.0701e-04,0,0.4000,39.8110,0,0,1013
-0.0205,1.0205,0.1000,0.4000,39.8110,587.06,650,1014
0.0022,0.9978,0.2000,0.4000,39.8110,539.54,650,1015
-1.2848e-04,1.0001,0.3000,0.4000,39.8110,469.94,650,1016
-0.0064,1.0064,0.4000,0.4000,39.8110,418.91,650,1017
-7.5666e-04,1.0008,0.5000,0.4000,39.8110,359.71,650,1018
0.0208,0.9792,0.6000,0.4000,39.8110,309.19,649.99,1019
0.4027,0.5973,0.2000,0.9000,1,578.24,408.29,102
-0.0019,1.0019,0.7000,0.4000,39.8110,212.08,649.22,1020
-0.0191,1.0191,0.8000,0.4000,39.8110,135.14,645.39,1021
-0.0024,1.0024,0.9000,0.4000,39.8110,120.32,641.47,1022
0.0058,0.9942,1,0.4000,39.8110,70.909,607.16,1023
1.0003,-3.2335e-04,0,0.5000,39.8110,0,0,1024
0.0203,0.9797,0.1000,0.5000,39.8110,590.96,650,1025
0.0096,0.9904,0.2000,0.5000,39.8110,527.62,650,1026
0.0634,0.9366,0.3000,0.5000,39.8110,499.86,650,1027
0.0279,0.9721,0.4000,0.5000,39.8110,440.11,650,1028
-0.0175,1.0175,0.5000,0.5000,39.8110,348.03,650,1029
0.4191,0.5809,0.3000,0.9000,1,545.35,398.37,103
-0.0027,1.0027,0.6000,0.5000,39.8110,312.98,649.98,1030
-5.6000e-04,1.0006,0.7000,0.5000,39.8110,238.93,649.55,1031
-0.0154,1.0154,0.8000,0.5000,39.8110,172.37,648.69,1032
0.0183,0.9817,0.9000,0.5000,39.8110,76.842,627.33,1033
0.0539,0.9461,1,0.5000,39.8110,82.496,617.49,1034
1.0004,-3.6684e-04,0,0.6000,39.8110,0,0,1035
0.0086,0.9914,0.1000,0.6000,39.8110,591.55,650,1036
0.0549,0.9451,0.2000,0.6000,39.8110,548.85,650,1037
-0.0061,1.0061,0.3000,0.6000,39.8110,468.45,650,1038
-0.0378,1.0378,0.4000,0.6000,39.8110,405.83,650,1039
0.4336,0.5664,0.4000,0.9000,1,514.48,389.26,104
-0.0178,1.0178,0.5000,0.6000,39.8110,347.33,649.99,1040
0.0149,0.9851,0.6000,0.6000,39.8110,308.85,649.97,1041
-0.0489,1.0489,0.7000,0.6000,39.8110,191.45,649.03,1042
0.0054,0.9946,0.8000,0.6000,39.8110,171.35,644.16,1043
0.0550,0.9450,0.9000,0.6000,39.8110,213.66,634.19,1044
0.0480,0.9520,1,0.6000,39.8110,76.935,604.29,1045
1.0004,-4.0668e-04,0,0.7000,39.8110,0,0,1046
0.0167,0.9833,0.1000,0.7000,39.8110,593.24,650,1047
-0.0038,1.0038,0.2000,0.7000,39.8110,523.67,650,1048
0.0061,0.9939,0.3000,0.7000,39.8110,463.71,650,1049
0.4501,0.5499,0.5000,0.9000,1,485.12,379.68,105
-0.0464,1.0464,0.4000,0.7000,39.8110,398.66,650,1050
0.1393,0.8607,0.5000,0.7000,39.8110,437,650,1051
-0.0013,1.0013,0.6000,0.7000,39.8110,326.74,649.86,1052
0.1338,0.8662,0.7000,0.7000,39.8110,338.17,649.62,1053
0.0063,0.9937,0.8000,0.7000,39.8110,193.77,645.67,1054
0.1179,0.8821,0.9000,0.7000,39.8110,105.3,614.03,1055
0.0457,0.9543,1,0.7000,39.8110,94.174,612.94,1056
1.0004,-4.2110e-04,0,0.8000,39.8110,0,0,1057
-0.0037,1.0037,0.1000,0.8000,39.8110,590.89,650,1058
0.0480,0.9520,0.2000,0.8000,39.8110,546.27,650,1059
0.4658,0.5342,0.6000,0.9000,1,457.48,370.64,106
-0.0975,1.0975,0.3000,0.8000,39.8110,484.31,650,1060
0.0374,0.9626,0.4000,0.8000,39.8110,428.68,650,1061
0.0514,0.9486,0.5000,0.8000,39.8110,381.03,649.98,1062
8.9104e-04,0.9991,0.6000,0.8000,39.8110,290.33,649.43,1063
-0.0682,1.0682,0.7000,0.8000,39.8110,212.44,645.14,1064
-0.0614,1.0614,0.8000,0.8000,39.8110,119.15,613.39,1065
0.0773,0.9227,0.9000,0.8000,39.8110,118.67,611.23,1066
0.1287,0.8713,1,0.8000,39.8110,119.92,581.69,1067
1.0004,-4.3855e-04,0,0.9000,39.8110,0,0,1068
-0.0226,1.0226,0.1000,0.9000,39.8110,587.28,650,1069
0.4800,0.5200,0.7000,0.9000,1,431.45,361.6,107
0.0799,0.9201,0.2000,0.9000,39.8110,538.55,650,1070
-0.0273,1.0273,0.3000,0.9000,39.8110,463.64,650,1071
-0.0686,1.0686,0.4000,0.9000,39.8110,389.04,649.93,1072
0.0729,0.9271,0.5000,0.9000,39.8110,400.74,649.94,1073
0.0239,0.9761,0.6000,0.9000,39.8110,286.64,648.98,1074
0.0314,0.9686,0.7000,0.9000,39.8110,204.72,642.25,1075
0.0247,0.9753,0.8000,0.9000,39.8110,181.91,635.11,1076
0.1514,0.8486,0.9000,0.9000,39.8110,191.35,631.66,1077
0.0674,0.9326,1,0.9000,39.8110,148.64,619.89,1078
0.4937,0.5063,0.8000,0.9000,1,407.2,353.62,108
0.5082,0.4918,0.9000,0.9000,1,384.17,345.21,109
0.9988,0.0012,0,1.0000e-04,63.0960,50,50.727,1090
-0.0275,1.0275,0.1000,1.0000e-04,63.0960,586.07,650,1091
-0.0569,1.0569,0.2000,1.0000e-04,63.0960,526.13,650,1092
-0.0503,1.0503,0.3000,1.0000e-04,63.0960,461.61,650,1093
-0.0141,1.0141,0.4000,1.0000e-04,63.0960,408.28,650,1094
-0.0151,1.0151,0.5000,1.0000e-04,63.0960,342.77,650,1095
-0.0016,1.0016,0.6000,1.0000e-04,63.0960,288.54,650,1096
0.0028,0.9972,0.7000,1.0000e-04,63.0960,229.79,650,1097
-0.0087,1.0087,0.8000,1.0000e-04,63.0960,162.22,650,1098
-0.0028,1.0028,0.9000,1.0000e-04,63.0960,114.89,649.97,1099
0.4621,0.5379,1,1.0000e-04,1,409.49,444.36,11
0.5205,0.4795,1,0.9000,1,362.4,337.32,110
0.0119,0.9881,1,1.0000e-04,63.0960,55.008,635.95,1100
1.0002,-2.2797e-04,0,0.1000,63.0960,0,0,1101
0.0093,0.9907,0.1000,0.1000,63.0960,591.42,650,1102
0.0302,0.9698,0.2000,0.1000,63.0960,529.93,650,1103
-0.0206,1.0206,0.3000,0.1000,63.0960,467.52,650,1104
0.0608,0.9392,0.4000,0.1000,63.0960,424.41,650,1105
0.0320,0.9680,0.5000,0.1000,63.0960,362.65,650,1106
0.0673,0.9327,0.6000,0.1000,63.0960,282.12,650,1107
-1.9597e-05,1.0000,0.7000,0.1000,63.0960,230.01,650,1108
-0.0109,1.0109,0.8000,0.1000,63.0960,180.88,650,1109
-0.0509,1.0509,0.9000,0.1000,63.0960,102.98,649.5,1110
0.0095,0.9905,1,0.1000,63.0960,69.363,642.9,1111
1.0003,-3.4243e-04,0,0.2000,63.0960,0,0,1112
-0.0091,1.0091,0.1000,0.2000,63.0960,587.81,650,1113
-0.0145,1.0145,0.2000,0.2000,63.0960,539.17,650,1114
0.0159,0.9841,0.3000,0.2000,63.0960,481.73,650,1115
0.0443,0.9557,0.4000,0.2000,63.0960,423.1,650,1116
1.8136e-04,0.9998,0.5000,0.2000,63.0960,342.39,650,1117
-0.0265,1.0265,0.6000,0.2000,63.0960,327.23,650,1118
0.0186,0.9814,0.7000,0.2000,63.0960,220.9,650,1119
-0.0288,1.0288,0.8000,0.2000,63.0960,179.28,649.99,1120
0.0622,0.9378,0.9000,0.2000,63.0960,155.03,649.78,1121
0.0345,0.9655,1,0.2000,63.0960,83.733,646.06,1122
1.0004,-4.1475e-04,0,0.3000,63.0960,0,0,1123
0.0576,0.9424,0.1000,0.3000,63.0960,593.43,650,1124
0.0689,0.9311,0.2000,0.3000,63.0960,544.64,650,1125
0.3133,0.6867,0.3000,0.3000,63.0960,564.81,650,1126
-0.0209,1.0209,0.4000,0.3000,63.0960,404.86,650,1127
0.1317,0.8683,0.5000,0.3000,63.0960,407.17,650,1128
-0.0594,1.0594,0.6000,0.3000,63.0960,313.87,650,1129
-0.1066,1.1066,0.7000,0.3000,63.0960,137.61,649.33,1130
0.1006,0.8994,0.8000,0.3000,63.0960,284.74,650,1131
0.0096,0.9904,0.9000,0.3000,63.0960,97.632,647.76,1132
0.1498,0.8502,1,0.3000,63.0960,50.092,412.49,1133
1.0005,-4.8704e-04,0,0.4000,63.0960,0,0,1134
-0.1208,1.1208,0.1000,0.4000,63.0960,580.07,650,1135
-0.0111,1.0111,0.2000,0.4000,63.0960,520.48,650,1136
0.0281,0.9719,0.3000,0.4000,63.0960,458.23,650,1137
0.0711,0.9289,0.4000,0.4000,63.0960,436.09,650,1138
0.0338,0.9662,0.5000,0.4000,63.0960,366.67,650,1139
-0.0423,1.0423,0.6000,0.4000,63.0960,244.2,650,1140
0.0665,0.9335,0.7000,0.4000,63.0960,257.95,648.68,1141
-0.0274,1.0274,0.8000,0.4000,63.0960,131.83,648.17,1142
-0.0030,1.0030,0.9000,0.4000,63.0960,95.943,640.98,1143
0.0121,0.9879,1,0.4000,63.0960,50.396,514.24,1144
1.0005,-5.2822e-04,0,0.5000,63.0960,0,0,1145
-0.0187,1.0187,0.1000,0.5000,63.0960,585.96,650,1146
0.0491,0.9509,0.2000,0.5000,63.0960,538.35,650,1147
-0.0247,1.0247,0.3000,0.5000,63.0960,470.25,650,1148
-0.0165,1.0165,0.4000,0.5000,63.0960,398.94,650,1149
-0.0199,1.0199,0.5000,0.5000,63.0960,380.04,650,1150
-0.0485,1.0485,0.6000,0.5000,63.0960,278.3,650,1151
-0.0334,1.0334,0.7000,0.5000,63.0960,208.58,649.8,1152
0.0166,0.9834,0.8000,0.5000,63.0960,130.98,649.52,1153
0.0403,0.9597,0.9000,0.5000,63.0960,98.222,643.08,1154
-3.8010e-04,1.0004,1,0.5000,63.0960,86.046,632.94,1155
1.0006,-6.3248e-04,0,0.6000,63.0960,0,0,1156
0.1296,0.8704,0.1000,0.6000,63.0960,604.9,650,1157
0.1142,0.8858,0.2000,0.6000,63.0960,554.08,650,1158
0.0039,0.9961,0.3000,0.6000,63.0960,490.66,650,1159
-0.0018,1.0018,0.4000,0.6000,63.0960,432.51,650,1160
-0.0293,1.0293,0.5000,0.6000,63.0960,322.83,650,1161
-0.0625,1.0625,0.6000,0.6000,63.0960,288.15,649.98,1162
-0.0227,1.0227,0.7000,0.6000,63.0960,256.45,649.94,1163
0.0119,0.9881,0.8000,0.6000,63.0960,175.64,647.6,1164
-0.0189,1.0189,0.9000,0.6000,63.0960,108.64,626.2,1165
0.1316,0.8684,1,0.6000,63.0960,155.76,645.24,1166
1.0006,-6.2018e-04,0,0.7000,63.0960,0,0,1167
0.0311,0.9689,0.1000,0.7000,63.0960,600.27,650,1168
0.0065,0.9935,0.2000,0.7000,63.0960,532.65,650,1169
0.1531,0.8469,0.3000,0.7000,63.0960,511.19,650,1170
0.0962,0.9038,0.4000,0.7000,63.0960,466.13,650,1171
0.0611,0.9389,0.5000,0.7000,63.0960,325.54,649.93,1172
-0.0434,1.0434,0.6000,0.7000,63.0960,280.32,649.97,1173
0.0312,0.9688,0.7000,0.7000,63.0960,242.31,649.43,1174
0.0276,0.9724,0.8000,0.7000,63.0960,160.68,645.96,1175
0.0957,0.9043,0.9000,0.7000,63.0960,252.82,646.81,1176
0.0362,0.9638,1,0.7000,63.0960,148.59,618.51,1177
1.0006,-6.1768e-04,0,0.8000,63.0960,0,0,1178
0.1630,0.8370,0.1000,0.8000,63.0960,603.65,650,1179
-0.1935,1.1935,0.2000,0.8000,63.0960,503.73,650,1180
-0.0632,1.0632,0.3000,0.8000,63.0960,473.26,650,1181
0.2290,0.7710,0.4000,0.8000,63.0960,423.63,650,1182
0.0959,0.9041,0.5000,0.8000,63.0960,395.16,649.99,1183
-0.0525,1.0525,0.6000,0.8000,63.0960,277.6,649.7,1184
0.0373,0.9627,0.7000,0.8000,63.0960,254.45,649.11,1185
0.0424,0.9576,0.8000,0.8000,63.0960,169.13,642.47,1186
0.0632,0.9368,0.9000,0.8000,63.0960,187.16,645.66,1187
-0.0372,1.0372,1,0.8000,63.0960,81.133,596.23,1188
1.0008,-7.6948e-04,0,0.9000,63.0960,0,0,1189
0.0249,0.9751,0.1000,0.9000,63.0960,573.43,650,1190
0.0125,0.9875,0.2000,0.9000,63.0960,527.37,650,1191
0.1025,0.8975,0.3000,0.9000,63.0960,496.91,650,1192
0.0718,0.9282,0.4000,0.9000,63.0960,437.43,650,1193
0.0571,0.9429,0.5000,0.9000,63.0960,377.11,649.97,1194
0.1282,0.8718,0.6000,0.9000,63.0960,320.82,649.18,1195
-0.0403,1.0403,0.7000,0.9000,63.0960,183.09,643.78,1196
0.0384,0.9616,0.8000,0.9000,63.0960,169.57,632.33,1197
0.1129,0.8871,0.9000,0.9000,63.0960,115.77,617.28,1198
0.0148,0.9852,1,0.9000,63.0960,285.01,647.19,1199
1.0000,-3.6889e-06,0,0.1000,1,0,0,12
0.9981,0.0019,0,1.0000e-04,100,50,51.154,1211
-0.0278,1.0278,0.1000,1.0000e-04,100,586.67,650,1212
-0.0438,1.0438,0.2000,1.0000e-04,100,525.86,650,1213
-0.0368,1.0368,0.3000,1.0000e-04,100,450.55,650,1214
-0.0217,1.0217,0.4000,1.0000e-04,100,401.4,650,1215
-0.0594,1.0594,0.5000,1.0000e-04,100,329.28,650,1216
-0.0964,1.0964,0.6000,1.0000e-04,100,278.33,650,1217
-0.1203,1.1203,0.7000,1.0000e-04,100,101.45,649.98,1218
-0.0494,1.0494,0.8000,1.0000e-04,100,128.55,650,1219
1.0000,3.0195e-05,0,1.0000e-04,1.5849,50,50.018,122
-0.0408,1.0408,0.9000,1.0000e-04,100,114.4,650,1220
-0.0353,1.0353,1,1.0000e-04,100,56.988,649.57,1221
1.0004,-3.6140e-04,0,0.1000,100,0,0,1222
0.0428,0.9572,0.1000,0.1000,100,592.03,650,1223
0.0295,0.9705,0.2000,0.1000,100,458.54,650,1224
0.1470,0.8530,0.3000,0.1000,100,497.29,650,1225
0.0545,0.9455,0.4000,0.1000,100,438.71,650,1226
-0.0265,1.0265,0.5000,0.1000,100,365.57,650,1227
-0.0259,1.0259,0.6000,0.1000,100,344.53,650,1228
0.1237,0.8763,0.7000,0.1000,100,249,650,1229
0.2215,0.7785,0.1000,1.0000e-04,1.5849,603.29,517.13,123
0.1031,0.8969,0.8000,0.1000,100,253.59,650,1230
0.0115,0.9885,0.9000,0.1000,100,139.86,650,1231
0.0578,0.9422,1,0.1000,100,50.501,626.76,1232
1.0004,-4.4934e-04,0,0.2000,100,0,0,1233
0.0449,0.9551,0.1000,0.2000,100,594.02,650,1234
0.0014,0.9986,0.2000,0.2000,100,517.71,650,1235
0.1854,0.8146,0.3000,0.2000,100,524.02,650,1236
-0.0424,1.0424,0.4000,0.2000,100,407.78,650,1237
0.1054,0.8946,0.5000,0.2000,100,395.79,650,1238
0.0189,0.9811,0.6000,0.2000,100,287.78,650,1239
0.2326,0.7674,0.2000,1.0000e-04,1.5849,580.19,535.92,124
0.0610,0.9390,0.7000,0.2000,100,297.43,650,1240
0.1304,0.8696,0.8000,0.2000,100,299.16,650,1241
-0.0186,1.0186,0.9000,0.2000,100,130.22,649.95,1242
0.0857,0.9143,1,0.2000,100,124.07,649.84,1243
1.0007,-6.7541e-04,0,0.3000,100,0,0,1244
-0.1047,1.1047,0.1000,0.3000,100,571.21,650,1245
-0.0402,1.0402,0.2000,0.3000,100,516.03,650,1246
0.1691,0.8309,0.3000,0.3000,100,496.32,650,1247
0.1905,0.8095,0.4000,0.3000,100,478.14,650,1248
0.8969,0.1031,0.5000,0.3000,100,641.46,650,1249
0.6112,0.3888,0.3000,1.0000e-04,1.5849,344.6,158.25,125
-0.1544,1.1544,0.6000,0.3000,100,183.14,649.98,1250
0.0964,0.9036,0.7000,0.3000,100,340.15,650,1251
-0.0519,1.0519,0.8000,0.3000,100,212.59,650,1252
-0.0284,1.0284,0.9000,0.3000,100,50.065,511.98,1253
-0.0389,1.0389,1,0.3000,100,56.723,592.17,1254
1.0007,-6.8975e-04,0,0.4000,100,0,0,1255
0.1635,0.8365,0.1000,0.4000,100,602.32,650,1256
0.2613,0.7387,0.2000,0.4000,100,579.77,650,1257
-0.2494,1.2494,0.3000,0.4000,100,354.42,650,1258
0.0153,0.9847,0.4000,0.4000,100,437.97,650,1259
0.3740,0.6260,0.4000,1.0000e-04,1.5849,430.08,351.11,126
-0.0035,1.0035,0.5000,0.4000,100,352.64,650,1260
-0.0314,1.0314,0.6000,0.4000,100,294.69,650,1261
0.1800,0.8200,0.7000,0.4000,100,359.19,650,1262
0.1928,0.8072,0.8000,0.4000,100,228.09,649.98,1263
0.1298,0.8702,0.9000,0.4000,100,222.64,649.77,1264
-0.1830,1.1830,1,0.4000,100,78.99,630.3,1265
1.0008,-8.4460e-04,0,0.5000,100,0,0,1266
-0.0315,1.0315,0.1000,0.5000,100,583.44,650,1267
0.0450,0.9550,0.2000,0.5000,100,560.17,650,1268
-0.0191,1.0191,0.3000,0.5000,100,458.31,650,1269
0.3081,0.6919,0.5000,1.0000e-04,1.5849,423.4,429.4,127
-0.0299,1.0299,0.4000,0.5000,100,377.3,650,1270
0.0958,0.9042,0.5000,0.5000,100,374.19,650,1271
-1.7671e-04,1.0002,0.6000,0.5000,100,289.94,650,1272
-0.1265,1.1265,0.7000,0.5000,100,216.63,649.97,1273
-0.0179,1.0179,0.8000,0.5000,100,156.24,648.72,1274
0.0461,0.9539,0.9000,0.5000,100,79.847,637.13,1275
0.0444,0.9556,1,0.5000,100,76.812,623.18,1276
1.0009,-8.8673e-04,0,0.6000,100,0,0,1277
0.2814,0.7186,0.1000,0.6000,100,613.26,650,1278
-0.1696,1.1696,0.2000,0.6000,100,497.18,650,1279
0.3773,0.6227,0.6000,1.0000e-04,1.5849,311.29,416.77,128
0.9760,0.0240,0.3000,0.6000,100,628.81,650,1280
-0.1051,1.1051,0.4000,0.6000,100,401.67,650,1281
-0.0595,1.0595,0.5000,0.6000,100,355.95,650,1282
9.0864e-04,0.9991,0.6000,0.6000,100,293.76,650,1283
0.1167,0.8833,0.7000,0.6000,100,333.94,649.99,1284
0.2434,0.7566,0.8000,0.6000,100,335.04,649.79,1285
-0.0035,1.0035,0.9000,0.6000,100,124.48,644.73,1286
-0.0254,1.0254,1,0.6000,100,77.885,571.21,1287
1.0012,-0.0012,0,0.7000,100,0,0,1288
0.2349,0.7651,0.1000,0.7000,100,609.77,650,1289
0.3718,0.6282,0.7000,1.0000e-04,1.5849,339.54,392.97,129
-0.0812,1.0812,0.2000,0.7000,100,503.41,650,1290
-0.0324,1.0324,0.3000,0.7000,100,519.73,650,1291
0.1355,0.8645,0.4000,0.7000,100,427.7,650,1292
-0.1032,1.1032,0.5000,0.7000,100,326.63,650,1293
-0.0878,1.0878,0.6000,0.7000,100,228.71,649.93,1294
0.1189,0.8811,0.7000,0.7000,100,370.93,649.97,1295
0.1358,0.8642,0.8000,0.7000,100,376.55,648.86,1296
-0.0289,1.0289,0.9000,0.7000,100,67.106,544.73,1297
0.0264,0.9736,1,0.7000,100,69.148,472.15,1298
1.0010,-0.0010,0,0.8000,100,0,0,1299
0.3813,0.6187,0.1000,0.1000,1,612.9,421.16,13
0.3517,0.6483,0.8000,1.0000e-04,1.5849,332.2,475.73,130
-0.0854,1.0854,0.1000,0.8000,100,584.07,650,1300
-0.1021,1.1021,0.2000,0.8000,100,512.37,650,1301
0.0246,0.9754,0.3000,0.8000,100,482.64,650,1302
-0.2469,1.2469,0.4000,0.8000,100,340.26,649.96,1303
0.1431,0.8569,0.5000,0.8000,100,400.39,650,1304
0.0106,0.9894,0.6000,0.8000,100,295.54,649.86,1305
0.0522,0.9478,0.7000,0.8000,100,230.51,634.43,1306
-0.0285,1.0285,0.8000,0.8000,100,160.72,634.85,1307
0.1215,0.8785,0.9000,0.8000,100,160.4,637.84,1308
0.1097,0.8903,1,0.8000,100,242.45,640.94,1309
0.3830,0.6170,0.9000,1.0000e-04,1.5849,286.34,381.4,131
1.0011,-0.0011,0,0.9000,100,0,0,1310
-0.0185,1.0185,0.1000,0.9000,100,573.96,650,1311
-0.0034,1.0034,0.2000,0.9000,100,529.56,650,1312
0.1348,0.8652,0.3000,0.9000,100,532.37,650,1313
-0.0119,1.0119,0.4000,0.9000,100,457.76,650,1314
-0.0064,1.0064,0.5000,0.9000,100,290.73,649.62,1315
0.0511,0.9489,0.6000,0.9000,100,333.11,649.73,1316
0.0066,0.9934,0.7000,0.9000,100,232.81,645.74,1317
0.0952,0.9048,0.8000,0.9000,100,206.32,633.98,1318
0.0118,0.9882,0.9000,0.9000,100,166.75,625.98,1319
0.3360,0.6640,1,1.0000e-04,1.5849,247.97,350.78,132
-0.0458,1.0458,1,0.9000,100,122.49,609.56,1320
0.9991,9.2698e-04,0,0.1000,1.5849,50,50.56,133
0.2219,0.7781,0.1000,0.1000,1.5849,603.35,517.35,134
0.2367,0.7633,0.2000,0.1000,1.5849,558.71,506.65,135
0.2569,0.7431,0.3000,0.1000,1.5849,516.48,496.7,136
0.2762,0.7238,0.4000,0.1000,1.5849,475.97,484.77,137
0.2941,0.7059,0.5000,0.1000,1.5849,438.09,473.78,138
1.0000,-5.8660e-06,0.6000,0.1000,1.5849,0,0,139
0.3947,0.6053,0.2000,0.1000,1,577.42,412.87,14
0.3315,0.6685,0.7000,0.1000,1.5849,369.11,450.96,140
0.3504,0.6496,0.8000,0.1000,1.5849,338.44,439.93,141
0.3688,0.6312,0.9000,0.1000,1.5849,309.32,427.92,142
0.3879,0.6121,1,0.1000,1.5849,282.92,417.03,143
1.0000,-8.1659e-06,0,0.2000,1.5849,0,0,144
0.2238,0.7762,0.1000,0.2000,1.5849,603.3,516.41,145
0.2403,0.7597,0.2000,0.2000,1.5849,558.83,505.81,146
0.2580,0.7420,0.3000,0.2000,1.5849,516.56,494.58,147
0.2771,0.7229,0.4000,0.2000,1.5849,476.63,483.68,148
0.2955,0.7045,0.5000,0.2000,1.5849,439.58,472.54,149
0.4088,0.5912,0.3000,0.1000,1,543.61,404.84,15
0.3153,0.6847,0.6000,0.2000,1.5849,403.64,460.9,150
0.3337,0.6663,0.7000,0.2000,1.5849,370.67,449.23,151
0.3567,0.6433,0.8000,0.2000,1.5849,338.57,435.96,152
0.3729,0.6271,0.9000,0.2000,1.5849,311.45,426.07,153
0.3924,0.6076,1,0.2000,1.5849,284.26,413.25,154
1.0000,-1.0445e-05,0,0.3000,1.5849,0,0,155
0.2231,0.7769,0.1000,0.3000,1.5849,603.33,515.75,156
0.2423,0.7577,0.2000,0.3000,1.5849,558.94,504.38,157
0.2609,0.7391,0.3000,0.3000,1.5849,516.74,492.81,158
0.2811,0.7189,0.4000,0.3000,1.5849,476.97,480.79,159
0.4224,0.5776,0.4000,0.1000,1,511.36,396.58,16
0.2997,0.7003,0.5000,0.3000,1.5849,439.85,469.92,160
0.3192,0.6808,0.6000,0.3000,1.5849,404.95,457.91,161
0.3391,0.6609,0.7000,0.3000,1.5849,371.48,446.76,162
0.3587,0.6413,0.8000,0.3000,1.5849,341.55,434.18,163
0.3777,0.6223,0.9000,0.3000,1.5849,313.33,423.24,164
0.3963,0.6037,1,0.3000,1.5849,288.03,411.73,165
1.0000,-1.1699e-05,0,0.4000,1.5849,0,0,166
0.2242,0.7758,0.1000,0.4000,1.5849,603.45,515.5,167
0.2437,0.7563,0.2000,0.4000,1.5849,559.24,503.78,168
0.2638,0.7362,0.3000,0.4000,1.5849,516.84,490.55,169
0.4358,0.5642,0.5000,0.1000,1,480.75,388.46,17
0.2832,0.7168,0.4000,0.4000,1.5849,477.88,479.75,170
0.3033,0.6967,0.5000,0.4000,1.5849,440.98,468.01,171
0.3222,0.6778,0.6000,0.4000,1.5849,406.94,456.77,172
0.3420,0.6580,0.7000,0.4000,1.5849,374.19,444.02,173
0.3618,0.6382,0.8000,0.4000,1.5849,344.06,432.6,174
0.3816,0.6184,0.9000,0.4000,1.5849,315.75,420.22,175
0.4005,0.5995,1,0.4000,1.5849,290.68,409.36,176
1.0000,-1.3334e-05,0,0.5000,1.5849,0,0,177
0.2249,0.7751,0.1000,0.5000,1.5849,603.55,515.28,178
0.2453,0.7547,0.2000,0.5000,1.5849,559.34,502.63,179
0.4490,0.5510,0.6000,0.1000,1,451.71,380.54,18
0.2661,0.7339,0.3000,0.5000,1.5849,518.05,490.98,180
0.2850,0.7150,0.4000,0.5000,1.5849,478.63,478.15,181
0.3070,0.6930,0.5000,0.5000,1.5849,442.02,466.13,182
0.3269,0.6731,0.6000,0.5000,1.5849,407.71,454.21,183
0.3468,0.6532,0.7000,0.5000,1.5849,374.62,441.58,184
0.3678,0.6322,0.8000,0.5000,1.5849,345.42,429.36,185
0.3861,0.6139,0.9000,0.5000,1.5849,318.29,418.09,186
0.4051,0.5949,1,0.5000,1.5849,293.65,407.65,187
1.0000,-1.4655e-05,0,0.6000,1.5849,0,0,188
0.2262,0.7738,0.1000,0.6000,1.5849,603.6,514.54,189
0.4625,0.5375,0.7000,0.1000,1,424.13,372.44,19
0.2471,0.7529,0.2000,0.6000,1.5849,559.69,501.79,190
0.2678,0.7322,0.3000,0.6000,1.5849,518.24,489.06,191
0.2889,0.7111,0.4000,0.6000,1.5849,479.33,476.35,192
0.3097,0.6903,0.5000,0.6000,1.5849,442.8,463.78,193
0.3301,0.6699,0.6000,0.6000,1.5849,409.21,452.11,194
0.3513,0.6487,0.7000,0.6000,1.5849,376.86,438.77,195
0.3707,0.6293,0.8000,0.6000,1.5849,347.93,427.57,196
0.3902,0.6098,0.9000,0.6000,1.5849,320.72,415.86,197
0.4084,0.5916,1,0.6000,1.5849,295.55,404.19,198
1.0000,-1.5834e-05,0,0.7000,1.5849,0,0,199
0.3849,0.6151,0.1000,1.0000e-04,1,610.01,481.76,2
0.4750,0.5250,0.8000,0.1000,1,398.21,364.78,20
0.2259,0.7741,0.1000,0.7000,1.5849,603.51,513.47,200
0.2481,0.7519,0.2000,0.7000,1.5849,560.02,501.22,201
0.2683,0.7317,0.3000,0.7000,1.5849,518.65,487.11,202
0.2911,0.7089,0.4000,0.7000,1.5849,480.79,475.91,203
0.3128,0.6872,0.5000,0.7000,1.5849,443.97,461.78,204
0.3338,0.6662,0.6000,0.7000,1.5849,410.75,450.21,205
0.3534,0.6466,0.7000,0.7000,1.5849,379.33,436.51,206
0.3752,0.6248,0.8000,0.7000,1.5849,350.07,424.91,207
0.3948,0.6052,0.9000,0.7000,1.5849,323.15,413.15,208
0.4137,0.5863,1,0.7000,1.5849,298.28,401.71,209
0.4881,0.5119,0.9000,0.1000,1,373.63,357.09,21
0.9975,0.0025,0,0.8000,1.5849,50,51.506,210
0.2281,0.7719,0.1000,0.8000,1.5849,603.68,513.13,211
0.2510,0.7490,0.2000,0.8000,1.5849,560.12,499.4,212
0.2736,0.7264,0.3000,0.8000,1.5849,519.24,485.86,213
0.2935,0.7065,0.4000,0.8000,1.5849,481.17,472.76,214
0.3180,0.6820,0.5000,0.8000,1.5849,445.02,458.89,215
0.3478,0.6522,0.6000,0.8000,1.5849,415.06,455.16,216
0.3593,0.6407,0.7000,0.8000,1.5849,381.21,434.63,217
0.3790,0.6210,0.8000,0.8000,1.5849,352.43,422.03,218
0.3991,0.6009,0.9000,0.8000,1.5849,326.08,410.56,219
0.5006,0.4994,1,0.1000,1,350.53,349.75,22
0.4178,0.5822,1,0.8000,1.5849,301.12,398.07,220
1.0000,-1.7687e-05,0,0.9000,1.5849,0,0,221
0.2283,0.7717,0.1000,0.9000,1.5849,604.08,513.93,222
0.2528,0.7472,0.2000,0.9000,1.5849,560.35,498.12,223
0.2759,0.7241,0.3000,0.9000,1.5849,519.87,484.62,224
0.2986,0.7014,0.4000,0.9000,1.5849,481.71,470.04,225
0.3211,0.6789,0.5000,0.9000,1.5849,445.96,456.08,226
0.3423,0.6577,0.6000,0.9000,1.5849,414.16,444.52,227
0.3636,0.6364,0.7000,0.9000,1.5849,382.75,431.19,228
0.3852,0.6148,0.8000,0.9000,1.5849,354.72,418.92,229
1.0000,-5.1523e-06,0,0.2000,1,0,0,23
0.4049,0.5951,0.9000,0.9000,1.5849,328.68,407.01,230
0.4230,0.5770,1,0.9000,1.5849,304.16,395.46,231
0.3821,0.6179,0.1000,0.2000,1,612.92,420.98,24
1.0000,4.7995e-05,0,1.0000e-04,2.5119,50,50.029,243
1.0000,-3.4654e-07,0.1000,1.0000e-04,2.5119,50,50,244
1.0000,6.4834e-07,0.2000,1.0000e-04,2.5119,50,50,245
0.1567,0.8433,0.3000,1.0000e-04,2.5119,473.26,576.72,246
0.1662,0.8338,0.4000,1.0000e-04,2.5119,388.14,553.97,247
0.1654,0.8346,0.5000,1.0000e-04,2.5119,392.13,535.97,248
0.1864,0.8136,0.6000,1.0000e-04,2.5119,359.31,505.58,249
0.3962,0.6038,0.2000,0.2000,1,577.5,412.44,25
0.2662,0.7338,0.7000,1.0000e-04,2.5119,258.02,422.16,250
0.2503,0.7497,0.8000,1.0000e-04,2.5119,256.84,474.2,251
0.2764,0.7236,0.9000,1.0000e-04,2.5119,261.06,552.66,252
0.2784,0.7216,1,1.0000e-04,2.5119,238.89,509.65,253
1.0000,-9.2848e-06,0,0.1000,2.5119,0,0,254
0.0951,0.9049,0.1000,0.1000,2.5119,595.54,592.43,255
0.1079,0.8921,0.2000,0.1000,2.5119,542.3,581.48,256
0.1287,0.8713,0.3000,0.1000,2.5119,492.98,572.96,257
0.1482,0.8518,0.4000,0.1000,2.5119,444.63,561.06,258
0.1675,0.8325,0.5000,0.1000,2.5119,400.04,549.16,259
0.4103,0.5897,0.3000,0.2000,1,543.78,404.3,26
0.1887,0.8113,0.6000,0.1000,2.5119,357.95,535.96,260
0.2114,0.7886,0.7000,0.1000,2.5119,319.44,522.56,261
0.2356,0.7644,0.8000,0.1000,2.5119,283.2,507.29,262
0.2640,0.7360,0.9000,0.1000,2.5119,250.07,491.15,263
0.2860,0.7140,1,0.1000,2.5119,222.63,478.46,264
1.0000,-1.2955e-05,0,0.2000,2.5119,0,0,265
0.0991,0.9009,0.1000,0.2000,2.5119,596.05,593,266
0.1114,0.8886,0.2000,0.2000,2.5119,543.51,582.48,267
0.1310,0.8690,0.3000,0.2000,2.5119,493.56,571.76,268
0.1488,0.8512,0.4000,0.2000,2.5119,446.43,560.02,269
0.4233,0.5767,0.4000,0.2000,1,511.71,395.91,27
0.1690,0.8310,0.5000,0.2000,2.5119,401.77,547.02,270
0.1911,0.8089,0.6000,0.2000,2.5119,360.57,534.33,271
0.2179,0.7821,0.7000,0.2000,2.5119,319.61,519.76,272
0.2419,0.7581,0.8000,0.2000,2.5119,285.73,504.35,273
0.2669,0.7331,0.9000,0.2000,2.5119,254.28,490.03,274
0.2914,0.7086,1,0.2000,2.5119,224.92,473.84,275
1.0000,-1.6519e-05,0,0.3000,2.5119,0,0,276
0.0961,0.9039,0.1000,0.3000,2.5119,595.74,591.26,277
0.1146,0.8854,0.2000,0.3000,2.5119,543.75,581.21,278
0.1335,0.8665,0.3000,0.3000,2.5119,494.57,570.35,279
0.4376,0.5624,0.5000,0.2000,1,481.05,387.09,28
0.1545,0.8455,0.4000,0.3000,2.5119,447.88,558.28,280
0.1755,0.8245,0.5000,0.3000,2.5119,404.03,546.03,281
0.2001,0.7999,0.6000,0.3000,2.5119,361.06,528.93,282
0.2225,0.7775,0.7000,0.3000,2.5119,321.8,513.03,283
0.2484,0.7516,0.8000,0.3000,2.5119,288.07,499.44,284
0.2730,0.7270,0.9000,0.3000,2.5119,258.71,487.34,285
0.2974,0.7026,1,0.3000,2.5119,228.46,468.94,286
1.0000,-1.8554e-05,0,0.4000,2.5119,0,0,287
0.0985,0.9015,0.1000,0.4000,2.5119,595.94,591.25,288
0.1170,0.8830,0.2000,0.4000,2.5119,544.25,580.15,289
0.4511,0.5489,0.6000,0.2000,1,452.32,379.52,29
0.1371,0.8629,0.3000,0.4000,2.5119,494.76,567.82,290
0.1582,0.8418,0.4000,0.4000,2.5119,448.66,555.36,291
0.1807,0.8193,0.5000,0.4000,2.5119,405.44,543.05,292
0.2041,0.7959,0.6000,0.4000,2.5119,365.17,528.55,293
0.2281,0.7719,0.7000,0.4000,2.5119,325.87,511.79,294
0.2538,0.7462,0.8000,0.4000,2.5119,292.6,497.66,295
0.2786,0.7214,0.9000,0.4000,2.5119,262.42,483.51,296
0.3041,0.6959,1,0.4000,2.5119,232.53,467.28,297
1.0000,-2.1081e-05,0,0.5000,2.5119,0,0,298
0.0984,0.9016,0.1000,0.5000,2.5119,595.94,590.27,299
0.4065,0.5935,0.2000,1.0000e-04,1,558.32,419.17,3
1.0000,-5.1537e-06,0.7000,0.2000,1,0,0,30
0.1196,0.8804,0.2000,0.5000,2.5119,544.66,578.95,300
0.1388,0.8612,0.3000,0.5000,2.5119,494.67,564.88,301
0.1616,0.8384,0.4000,0.5000,2.5119,449.35,552.74,302
0.1841,0.8159,0.5000,0.5000,2.5119,405.74,536.87,303
0.2101,0.7899,0.6000,0.5000,2.5119,366.15,523.93,304
0.2357,0.7643,0.7000,0.5000,2.5119,328.83,508.83,305
0.2610,0.7390,0.8000,0.5000,2.5119,294.64,493.33,306
0.2866,0.7134,0.9000,0.5000,2.5119,263.76,477.86,307
0.3103,0.6897,1,0.5000,2.5119,236.34,463.14,308
1.0000,-2.3199e-05,0,0.6000,2.5119,0,0,309
0.4770,0.5230,0.8000,0.2000,1,398.94,363.69,31
0.0986,0.9014,0.1000,0.6000,2.5119,595.73,589.06,310
0.1217,0.8783,0.2000,0.6000,2.5119,545.3,578.04,311
0.1435,0.8565,0.3000,0.6000,2.5119,495.63,563.26,312
0.1682,0.8318,0.4000,0.6000,2.5119,449.6,549.37,313
0.1907,0.8093,0.5000,0.6000,2.5119,407.26,534.33,314
0.2143,0.7857,0.6000,0.6000,2.5119,367.63,520.12,315
0.2420,0.7580,0.7000,0.6000,2.5119,331.35,505.23,316
0.2659,0.7341,0.8000,0.6000,2.5119,298.1,489.99,317
0.2923,0.7077,0.9000,0.6000,2.5119,268.13,475.49,318
0.3171,0.6829,1,0.6000,2.5119,240.39,459.61,319
0.4903,0.5097,0.9000,0.2000,1,374.81,355.87,32
0.9964,0.0036,0,0.7000,2.5119,50,52.193,320
0.1021,0.8979,0.1000,0.7000,2.5119,596.12,588.73,321
0.1219,0.8781,0.2000,0.7000,2.5119,544.41,574.3,322
0.1479,0.8521,0.3000,0.7000,2.5119,496.61,561.28,323
0.1714,0.8286,0.4000,0.7000,2.5119,452.92,548.11,324
0.1960,0.8040,0.5000,0.7000,2.5119,411.29,533.93,325
0.2218,0.7782,0.6000,0.7000,2.5119,370.08,516.88,326
0.2480,0.7520,0.7000,0.7000,2.5119,334.15,501.2,327
0.2732,0.7268,0.8000,0.7000,2.5119,300.73,485.31,328
0.2989,0.7011,0.9000,0.7000,2.5119,272.33,472.61,329
0.5028,0.4972,1,0.2000,1,350.25,348.15,33
0.3196,0.6804,1,0.7000,2.5119,245.88,456.69,330
1.0000,-2.6748e-05,0,0.8000,2.5119,0,0,331
0.1027,0.8973,0.1000,0.8000,2.5119,596.3,588.14,332
0.1287,0.8713,0.2000,0.8000,2.5119,545.9,574.77,333
0.1503,0.8497,0.3000,0.8000,2.5119,496.84,557.86,334
0.1779,0.8221,0.4000,0.8000,2.5119,453.54,545.63,335
0.2034,0.7966,0.5000,0.8000,2.5119,410.18,527.47,336
0.2322,0.7678,0.6000,0.8000,2.5119,371.78,511.46,337
0.2539,0.7461,0.7000,0.8000,2.5119,336.46,495.93,338
0.2798,0.7202,0.8000,0.8000,2.5119,306.59,484.14,339
1.0000,-6.5822e-06,0,0.3000,1,0,0,34
0.3063,0.6937,0.9000,0.8000,2.5119,275.09,465.71,340
0.3293,0.6707,1,0.8000,2.5119,246.89,447.61,341
1.0000,-2.8071e-05,0,0.9000,2.5119,0,0,342
0.1062,0.8938,0.1000,0.9000,2.5119,596.47,586.96,343
0.1306,0.8694,0.2000,0.9000,2.5119,545.57,571.41,344
0.1559,0.8441,0.3000,0.9000,2.5119,498.53,556.45,345
0.1814,0.8186,0.4000,0.9000,2.5119,454.15,539.98,346
0.2092,0.7908,0.5000,0.9000,2.5119,410.97,522.97,347
0.2352,0.7648,0.6000,0.9000,2.5119,375.12,508.47,348
0.2620,0.7380,0.7000,0.9000,2.5119,340.86,492.79,349
0.3825,0.6175,0.1000,0.3000,1,612.93,420.42,35
0.2875,0.7125,0.8000,0.9000,2.5119,308.82,476.76,350
0.3140,0.6860,0.9000,0.9000,2.5119,279.63,461.96,351
0.3385,0.6615,1,0.9000,2.5119,252.66,445.71,352
0.3969,0.6031,0.2000,0.3000,1,577.64,412.12,36
0.9999,7.6296e-05,0,1.0000e-04,3.9811,50,50.047,364
1.0000,-2.1356e-08,0.1000,1.0000e-04,3.9811,50,50.001,365
0.0653,0.9347,0.2000,1.0000e-04,3.9811,557.46,632.41,366
0.1219,0.8781,0.3000,1.0000e-04,3.9811,514.35,639.62,367
1.0000,3.7003e-06,0.4000,1.0000e-04,3.9811,50,50.001,368
0.0877,0.9123,0.5000,1.0000e-04,3.9811,330.24,593.35,369
0.4117,0.5883,0.3000,0.3000,1,543.86,402.51,37
0.1142,0.8858,0.6000,1.0000e-04,3.9811,360.24,611.77,370
0.1178,0.8822,0.7000,1.0000e-04,3.9811,309.4,595.18,371
0.1635,0.8365,0.8000,1.0000e-04,3.9811,261.92,591.57,372
0.1878,0.8122,0.9000,1.0000e-04,3.9811,182.03,528.96,373
0.2030,0.7970,1,1.0000e-04,3.9811,183.03,549.57,374
1.0000,-1.4690e-05,0,0.1000,3.9811,0,0,375
0.0226,0.9774,0.1000,0.1000,3.9811,591.39,634.58,376
0.0274,0.9726,0.2000,0.1000,3.9811,533.99,629.61,377
0.0441,0.9559,0.3000,0.1000,3.9811,477.95,623.07,378
0.0574,0.9426,0.4000,0.1000,3.9811,424.75,615.16,379
0.4252,0.5748,0.4000,0.3000,1,512.06,394.97,38
0.0758,0.9242,0.5000,0.1000,3.9811,372.57,605.06,380
0.0968,0.9032,0.6000,0.1000,3.9811,322.45,592.64,381
0.1174,0.8826,0.7000,0.1000,3.9811,279.07,579.43,382
0.1440,0.8560,0.8000,0.1000,3.9811,238.73,563.25,383
0.1733,0.8267,0.9000,0.1000,3.9811,204.53,547.6,384
0.1996,0.8004,1,0.1000,3.9811,169.84,525.44,385
0.9968,0.0032,0,0.2000,3.9811,50,51.925,386
0.0277,0.9723,0.1000,0.2000,3.9811,591.61,634.56,387
0.0325,0.9675,0.2000,0.2000,3.9811,534.33,629.07,388
0.0450,0.9550,0.3000,0.2000,3.9811,479.01,622.18,389
0.4391,0.5609,0.5000,0.3000,1,481.79,386.37,39
0.0580,0.9420,0.4000,0.2000,3.9811,423.53,612.25,390
0.0669,0.9331,0.5000,0.2000,3.9811,370.83,601.63,391
0.0992,0.9008,0.6000,0.2000,3.9811,324.3,588.73,392
0.1197,0.8803,0.7000,0.2000,3.9811,284.35,577.1,393
0.1495,0.8505,0.8000,0.2000,3.9811,241.97,560.02,394
0.1767,0.8233,0.9000,0.2000,3.9811,206.89,542.37,395
0.2110,0.7890,1,0.2000,3.9811,177.27,525.27,396
1.0000,-2.6122e-05,0,0.3000,3.9811,0,0,397
0.0242,0.9758,0.1000,0.3000,3.9811,591.53,633.98,398
0.0307,0.9693,0.2000,0.3000,3.9811,532.73,626.39,399
0.4080,0.5920,0.3000,1.0000e-04,1,527.19,428.99,4
0.4532,0.5468,0.6000,0.3000,1,453.04,377.86,40
0.0477,0.9523,0.3000,0.3000,3.9811,478.25,619.69,400
0.0644,0.9356,0.4000,0.3000,3.9811,424.82,610.26,401
0.0818,0.9182,0.5000,0.3000,3.9811,372.47,597.17,402
0.1063,0.8937,0.6000,0.3000,3.9811,327.23,585.13,403
0.1333,0.8667,0.7000,0.3000,3.9811,286.71,573.74,404
0.1589,0.8411,0.8000,0.3000,3.9811,251.04,560.16,405
0.1896,0.8104,0.9000,0.3000,3.9811,209.46,534.02,406
0.2152,0.7848,1,0.3000,3.9811,178.93,514.88,407
1.0000,-2.9406e-05,0,0.4000,3.9811,0,0,408
0.0297,0.9703,0.1000,0.4000,3.9811,592.07,633.93,409
0.4675,0.5325,0.7000,0.3000,1,425.76,369.41,41
0.0319,0.9681,0.2000,0.4000,3.9811,532.94,625.36,410
0.0554,0.9446,0.3000,0.4000,3.9811,479.8,618.33,411
0.0729,0.9271,0.4000,0.4000,3.9811,428.82,609.64,412
0.0858,0.9142,0.5000,0.4000,3.9811,375.56,595.21,413
0.1112,0.8888,0.6000,0.4000,3.9811,331.26,582.89,414
0.1360,0.8640,0.7000,0.4000,3.9811,288.33,567.08,415
0.1670,0.8330,0.8000,0.4000,3.9811,248.51,549.5,416
0.1960,0.8040,0.9000,0.4000,3.9811,216.2,533.27,417
0.2253,0.7747,1,0.4000,3.9811,186.43,514.8,418
1.0000,-3.3661e-05,0,0.5000,3.9811,0,0,419
0.4794,0.5206,0.8000,0.3000,1,400.95,362.11,42
0.0270,0.9730,0.1000,0.5000,3.9811,591.74,632.97,420
0.0425,0.9575,0.2000,0.5000,3.9811,535.39,625.82,421
0.0525,0.9475,0.3000,0.5000,3.9811,480.23,616.42,422
0.0811,0.9189,0.4000,0.5000,3.9811,431.13,607.12,423
0.0965,0.9035,0.5000,0.5000,3.9811,379.08,593.41,424
0.1191,0.8809,0.6000,0.5000,3.9811,334.18,579.26,425
0.1440,0.8560,0.7000,0.5000,3.9811,291.14,562.99,426
0.1708,0.8292,0.8000,0.5000,3.9811,256.2,548.1,427
0.2006,0.7994,0.9000,0.5000,3.9811,220.5,529.49,428
0.2311,0.7689,1,0.5000,3.9811,189.35,509.84,429
0.4933,0.5067,0.9000,0.3000,1,375.88,353.8,43
1.0000,-3.6737e-05,0,0.6000,3.9811,0,0,430
0.0297,0.9703,0.1000,0.6000,3.9811,592.05,632.58,431
0.0403,0.9597,0.2000,0.6000,3.9811,534.94,624.14,432
0.0538,0.9462,0.3000,0.6000,3.9811,478.7,613.78,433
0.0782,0.9218,0.4000,0.6000,3.9811,429.17,602.78,434
0.1004,0.8996,0.5000,0.6000,3.9811,379.75,589.16,435
0.1266,0.8734,0.6000,0.6000,3.9811,337.38,575.18,436
0.1507,0.8493,0.7000,0.6000,3.9811,294,558.56,437
0.1781,0.8219,0.8000,0.6000,3.9811,257.82,542.11,438
0.2074,0.7926,0.9000,0.6000,3.9811,227.24,527.3,439
0.5049,0.4951,1,0.3000,1,353.09,345.93,44
0.2395,0.7605,1,0.6000,3.9811,192.43,503.62,440
1.0000,-3.9790e-05,0,0.7000,3.9811,0,0,441
0.0326,0.9674,0.1000,0.7000,3.9811,592.23,631.9,442
0.0429,0.9571,0.2000,0.7000,3.9811,534.56,622.03,443
0.0633,0.9367,0.3000,0.7000,3.9811,480.56,611.04,444
0.0844,0.9156,0.4000,0.7000,3.9811,429.76,599.25,445
0.1079,0.8921,0.5000,0.7000,3.9811,381.56,584.64,446
0.1317,0.8683,0.6000,0.7000,3.9811,340.77,570.79,447
0.1580,0.8420,0.7000,0.7000,3.9811,298.92,554.75,448
0.1914,0.8086,0.8000,0.7000,3.9811,260.63,536.84,449
1.0000,-7.3823e-06,0,0.4000,1,0,0,45
0.2188,0.7812,0.9000,0.7000,3.9811,232.78,522.7,450
0.2470,0.7530,1,0.7000,3.9811,203.65,505.16,451
1.0000,-4.2377e-05,0,0.8000,3.9811,0,0,452
0.0374,0.9626,0.1000,0.8000,3.9811,592.4,631.39,453
0.0477,0.9523,0.2000,0.8000,3.9811,535.65,620.69,454
0.0677,0.9323,0.3000,0.8000,3.9811,483.45,610.5,455
0.0891,0.9109,0.4000,0.8000,3.9811,431.12,595.73,456
0.1019,0.8981,0.5000,0.8000,3.9811,386.46,581.85,457
0.1415,0.8585,0.6000,0.8000,3.9811,343.39,568.54,458
0.1666,0.8334,0.7000,0.8000,3.9811,301.2,547.39,459
0.3823,0.6177,0.1000,0.4000,1,612.99,420.42,46
0.1985,0.8015,0.8000,0.8000,3.9811,265.67,531.15,460
0.2288,0.7712,0.9000,0.8000,3.9811,237.16,518.9,461
0.2592,0.7408,1,0.8000,3.9811,207.65,499.05,462
1.0000,-4.4501e-05,0,0.9000,3.9811,0,0,463
0.0319,0.9681,0.1000,0.9000,3.9811,591.7,629.56,464
0.0473,0.9527,0.2000,0.9000,3.9811,536.63,619.2,465
0.0701,0.9299,0.3000,0.9000,3.9811,482.04,605.58,466
0.0687,0.9313,0.4000,0.9000,3.9811,426.12,586.39,467
0.1225,0.8775,0.5000,0.9000,3.9811,386.24,575.36,468
0.1457,0.8543,0.6000,0.9000,3.9811,343.97,559.02,469
0.3973,0.6027,0.2000,0.4000,1,577.66,410.79,47
0.1808,0.8192,0.7000,0.9000,3.9811,305.76,543.47,470
0.2063,0.7937,0.8000,0.9000,3.9811,272.62,527.38,471
0.2369,0.7631,0.9000,0.9000,3.9811,239.27,507.71,472
0.2659,0.7341,1,0.9000,3.9811,210.27,488.4,473
0.4120,0.5880,0.3000,0.4000,1,544.2,402.22,48
0.9999,1.2153e-04,0,1.0000e-04,6.3096,50,50.074,485
-0.0061,1.0061,0.1000,1.0000e-04,6.3096,583.94,647.62,486
0.0432,0.9568,0.2000,1.0000e-04,6.3096,529.71,647.77,487
0.0262,0.9738,0.3000,1.0000e-04,6.3096,450.52,643.74,488
-0.0513,1.0513,0.4000,1.0000e-04,6.3096,353.97,622.88,489
0.4262,0.5738,0.4000,0.4000,1,512.59,394.41,49
0.0254,0.9746,0.5000,1.0000e-04,6.3096,374.58,639.72,490
0.0553,0.9447,0.6000,1.0000e-04,6.3096,281.92,624.64,491
0.0784,0.9216,0.7000,1.0000e-04,6.3096,207.62,603.05,492
0.0747,0.9253,0.8000,1.0000e-04,6.3096,235.76,618.69,493
0.1007,0.8993,0.9000,1.0000e-04,6.3096,176.7,597.58,494
0.1322,0.8678,1,1.0000e-04,6.3096,112.56,544.31,495
1.0000,-2.3314e-05,0,0.1000,6.3096,0,0,496
0.0054,0.9946,0.1000,0.1000,6.3096,590.07,648.14,497
0.0060,0.9940,0.2000,0.1000,6.3096,531.65,646.95,498
0.0077,0.9923,0.3000,0.1000,6.3096,470.66,644.38,499
0.4183,0.5817,0.4000,1.0000e-04,1,497.17,447.78,5
0.4406,0.5594,0.5000,0.4000,1,482.42,385.4,50
0.0125,0.9875,0.4000,0.1000,6.3096,412.8,641.14,500
0.0221,0.9779,0.5000,0.1000,6.3096,359.29,636.54,501
0.0354,0.9646,0.6000,0.1000,6.3096,304.54,629.3,502
0.0530,0.9470,0.7000,0.1000,6.3096,251.94,618.1,503
0.0740,0.9260,0.8000,0.1000,6.3096,205.75,603.71,504
0.1032,0.8968,0.9000,0.1000,6.3096,168.03,587.62,505
0.1369,0.8631,1,0.1000,6.3096,131.65,562.45,506
1.0000,-3.2775e-05,0,0.2000,6.3096,0,0,507
0.0073,0.9927,0.1000,0.2000,6.3096,590.37,648.04,508
0.0040,0.9960,0.2000,0.2000,6.3096,530.52,646.44,509
0.4548,0.5452,0.6000,0.4000,1,453.77,376.69,51
0.0138,0.9862,0.3000,0.2000,6.3096,472.69,644.03,510
0.0277,0.9723,0.4000,0.2000,6.3096,419.17,640.46,511
0.0260,0.9740,0.5000,0.2000,6.3096,355.55,634.33,512
0.0483,0.9517,0.6000,0.2000,6.3096,302.25,626.25,513
0.0641,0.9359,0.7000,0.2000,6.3096,258.74,617.42,514
0.0882,0.9118,0.8000,0.2000,6.3096,203.65,597.6,515
0.1149,0.8851,0.9000,0.2000,6.3096,173.03,583.23,516
0.1499,0.8501,1,0.2000,6.3096,136.46,562.42,517
1.0000,-4.1632e-05,0,0.3000,6.3096,0,0,518
0.0051,0.9949,0.1000,0.3000,6.3096,589.72,647.76,519
0.4682,0.5318,0.7000,0.4000,1,427,368.89,52
0.0124,0.9876,0.2000,0.3000,6.3096,532.52,646.26,520
0.0034,0.9966,0.3000,0.3000,6.3096,469.03,642.48,521
0.0194,0.9806,0.4000,0.3000,6.3096,414.62,639.1,522
0.0286,0.9714,0.5000,0.3000,6.3096,358.77,631.8,523
0.0512,0.9488,0.6000,0.3000,6.3096,308.4,623.81,524
0.0625,0.9375,0.7000,0.3000,6.3096,254.53,608.92,525
0.0871,0.9129,0.8000,0.3000,6.3096,209.18,591.73,526
0.1229,0.8771,0.9000,0.3000,6.3096,175.53,579.25,527
0.1599,0.8401,1,0.3000,6.3096,143.42,555.39,528
1.0000,-4.6648e-05,0,0.4000,6.3096,0,0,529
0.4813,0.5187,0.8000,0.4000,1,401.8,361.46,53
-0.0074,1.0074,0.1000,0.4000,6.3096,589.92,647.61,530
0.0087,0.9913,0.2000,0.4000,6.3096,530.52,645.59,531
0.0121,0.9879,0.3000,0.4000,6.3096,471.84,642.23,532
0.0210,0.9790,0.4000,0.4000,6.3096,414.79,636.95,533
0.0316,0.9684,0.5000,0.4000,6.3096,357.06,628.73,534
0.0476,0.9524,0.6000,0.4000,6.3096,306.23,618.84,535
0.0692,0.9308,0.7000,0.4000,6.3096,262.14,607.42,536
0.0908,0.9092,0.8000,0.4000,6.3096,216.25,590.09,537
0.1249,0.8751,0.9000,0.4000,6.3096,176.64,569.48,538
0.1590,0.8410,1,0.4000,6.3096,149.82,551.97,539
0.4951,0.5049,0.9000,0.4000,1,377.48,352.47,54
1.0001,-5.3088e-05,0,0.5000,6.3096,0,0,540
0.0029,0.9971,0.1000,0.5000,6.3096,589.93,647.44,541
0.0215,0.9785,0.2000,0.5000,6.3096,534.24,645.72,542
0.0209,0.9791,0.3000,0.5000,6.3096,475.71,641.77,543
0.0216,0.9784,0.4000,0.5000,6.3096,415.99,635.49,544
0.0319,0.9681,0.5000,0.5000,6.3096,361.39,627.27,545
0.0550,0.9450,0.6000,0.5000,6.3096,314.75,617.5,546
0.0827,0.9173,0.7000,0.5000,6.3096,257.89,600.89,547
0.1102,0.8898,0.8000,0.5000,6.3096,212.04,580.19,548
0.1358,0.8642,0.9000,0.5000,6.3096,178.97,563.83,549
0.5078,0.4922,1,0.4000,1,354.91,344.87,55
0.1704,0.8296,1,0.5000,6.3096,149.87,544.43,550
1.0001,-5.8570e-05,0,0.6000,6.3096,0,0,551
0.0046,0.9954,0.1000,0.6000,6.3096,590.11,647.2,552
0.0044,0.9956,0.2000,0.6000,6.3096,530.5,644.32,553
0.0149,0.9851,0.3000,0.6000,6.3096,473.78,640.2,554
0.0281,0.9719,0.4000,0.6000,6.3096,418.18,633.74,555
0.0419,0.9581,0.5000,0.6000,6.3096,362.27,624.31,556
0.0650,0.9350,0.6000,0.6000,6.3096,313.52,614.17,557
0.0915,0.9085,0.7000,0.6000,6.3096,262.54,597,558
0.1082,0.8918,0.8000,0.6000,6.3096,224.59,582.21,559
1.0000,-8.4067e-06,0,0.5000,1,0,0,56
0.1422,0.8578,0.9000,0.6000,6.3096,187.53,560.49,560
0.2179,0.7821,1,0.6000,6.3096,184.97,546.62,561
1.0001,-6.2908e-05,0,0.7000,6.3096,0,0,562
0.0472,0.9528,0.1000,0.7000,6.3096,595.32,648.07,563
-0.0020,1.0020,0.2000,0.7000,6.3096,529.17,643.22,564
0.0337,0.9663,0.3000,0.7000,6.3096,485.98,640.87,565
0.0292,0.9708,0.4000,0.7000,6.3096,416.42,630.51,566
0.0486,0.9514,0.5000,0.7000,6.3096,365.04,621.3,567
0.0683,0.9317,0.6000,0.7000,6.3096,314.64,607.78,568
0.1011,0.8989,0.7000,0.7000,6.3096,278.63,596.13,569
0.3832,0.6168,0.1000,0.5000,1,613.01,420.06,57
0.1232,0.8768,0.8000,0.7000,6.3096,234.53,578.03,570
0.1466,0.8534,0.9000,0.7000,6.3096,189.25,550.22,571
0.1791,0.8209,1,0.7000,6.3096,158.86,532.51,572
1.0001,-6.6904e-05,0,0.8000,6.3096,0,0,573
0.0146,0.9854,0.1000,0.8000,6.3096,591.42,646.88,574
0.0166,0.9834,0.2000,0.8000,6.3096,532.65,642.85,575
0.0234,0.9766,0.3000,0.8000,6.3096,473.95,636.67,576
0.0309,0.9691,0.4000,0.8000,6.3096,417.4,627.34,577
0.0482,0.9518,0.5000,0.8000,6.3096,368.43,617.75,578
0.0795,0.9205,0.6000,0.8000,6.3096,316.07,601.49,579
0.3986,0.6014,0.2000,0.5000,1,577.83,410.85,58
0.1024,0.8976,0.7000,0.8000,6.3096,273.59,586.49,580
0.1347,0.8653,0.8000,0.8000,6.3096,238.78,574.51,581
0.1593,0.8407,0.9000,0.8000,6.3096,205.57,552.1,582
0.2010,0.7990,1,0.8000,6.3096,170.52,533.61,583
1.0001,-7.0481e-05,0,0.9000,6.3096,0,0,584
0.0015,0.9985,0.1000,0.9000,6.3096,590.58,646.22,585
0.0150,0.9850,0.2000,0.9000,6.3096,532.53,641.58,586
0.0215,0.9785,0.3000,0.9000,6.3096,472.38,633.39,587
0.0535,0.9465,0.4000,0.9000,6.3096,421.24,624.92,588
0.0608,0.9392,0.5000,0.9000,6.3096,372.08,614.07,589
0.4136,0.5864,0.3000,0.5000,1,544.42,401.82,59
0.0844,0.9156,0.6000,0.9000,6.3096,325.87,600.17,590
0.1148,0.8852,0.7000,0.9000,6.3096,278.18,581.15,591
0.1474,0.8526,0.8000,0.9000,6.3096,243.31,568.2,592
0.1743,0.8257,0.9000,0.9000,6.3096,202.98,540.5,593
0.2047,0.7953,1,0.9000,6.3096,173.03,520.29,594
0.4284,0.5716,0.5000,1.0000e-04,1,489.93,419.08,6
0.4287,0.5713,0.4000,0.5000,1,512.57,392.05,60
0.9998,1.8737e-04,0,1.0000e-04,10,50,50.114,606
-9.3206e-04,1.0009,0.1000,1.0000e-04,10,587.12,649.93,607
0.0014,0.9986,0.2000,1.0000e-04,10,526.84,649.83,608
0.0214,0.9786,0.3000,1.0000e-04,10,484.34,649.77,609
0.4430,0.5570,0.5000,0.5000,1,482.67,383.9,61
-0.0043,1.0043,0.4000,1.0000e-04,10,410.41,649.01,610
0.0495,0.9505,0.5000,1.0000e-04,10,367.59,648.94,611
0.0160,0.9840,0.6000,1.0000e-04,10,263.99,642.9,612
0.0203,0.9797,0.7000,1.0000e-04,10,255.15,643.3,613
0.0404,0.9596,0.8000,1.0000e-04,10,180.2,630,614
0.0603,0.9397,0.9000,1.0000e-04,10,135.86,615.31,615
0.0717,0.9283,1,1.0000e-04,10,94.062,582.75,616
0.9944,0.0056,0,0.1000,10,50,53.396,617
-0.0068,1.0068,0.1000,0.1000,10,589.36,649.92,618
0.0012,0.9988,0.2000,0.1000,10,531.49,649.83,619
0.4569,0.5431,0.6000,0.5000,1,454.48,375.7,62
-8.7216e-04,1.0009,0.3000,0.1000,10,468.44,649.54,620
0.0029,0.9971,0.4000,0.1000,10,411.3,649.02,621
-0.0017,1.0017,0.5000,0.1000,10,350.91,647.66,622
0.0085,0.9915,0.6000,0.1000,10,294.03,645.11,623
0.0305,0.9695,0.7000,0.1000,10,232.6,639.38,624
0.0341,0.9659,0.8000,0.1000,10,182.08,629.59,625
0.0584,0.9416,0.9000,0.1000,10,141.51,614.98,626
0.0931,0.9069,1,0.1000,10,110.35,597.34,627
1.0001,-5.1648e-05,0,0.2000,10,0,0,628
-0.0024,1.0024,0.1000,0.2000,10,589.84,649.92,629
0.4709,0.5291,0.7000,0.5000,1,427.78,367.58,63
3.3963e-04,0.9997,0.2000,0.2000,10,530.02,649.79,630
0.0013,0.9987,0.3000,0.2000,10,472.84,649.47,631
3.8988e-04,0.9996,0.4000,0.2000,10,417.95,648.87,632
-6.0113e-05,1.0001,0.5000,0.2000,10,348.63,646.86,633
0.0170,0.9830,0.6000,0.2000,10,299.51,644.39,634
0.0210,0.9790,0.7000,0.2000,10,238.78,637.44,635
0.0305,0.9695,0.8000,0.2000,10,188.05,627.1,636
0.0566,0.9434,0.9000,0.2000,10,152.79,615.66,637
0.0997,0.9003,1,0.2000,10,109.46,586.21,638
1.0001,-6.5280e-05,0,0.3000,10,0,0,639
0.4842,0.5158,0.8000,0.5000,1,402.39,359.31,64
-0.0039,1.0039,0.1000,0.3000,10,589.51,649.9,640
-0.0043,1.0043,0.2000,0.3000,10,530.85,649.75,641
0.0138,0.9862,0.3000,0.3000,10,473.8,649.39,642
0.0142,0.9858,0.4000,0.3000,10,418.59,649.09,643
0.0226,0.9774,0.5000,0.3000,10,363.34,646.75,644
-0.0049,1.0049,0.6000,0.3000,10,288.56,640.82,645
0.0217,0.9783,0.7000,0.3000,10,241.01,633.13,646
0.0337,0.9663,0.8000,0.3000,10,183.03,616.15,647
0.0767,0.9233,0.9000,0.3000,10,157.24,611.67,648
0.1176,0.8824,1,0.3000,10,119.37,588.33,649
0.4976,0.5024,0.9000,0.5000,1,378.59,351.36,65
1.0001,-7.3767e-05,0,0.4000,10,0,0,650
0.0117,0.9883,0.1000,0.4000,10,592.09,649.9,651
-0.0169,1.0169,0.2000,0.4000,10,525.93,649.57,652
0.0067,0.9933,0.3000,0.4000,10,472.59,649.08,653
0.0027,0.9973,0.4000,0.4000,10,410.04,647.76,654
0.0072,0.9928,0.5000,0.4000,10,353.37,645.17,655
0.0236,0.9764,0.6000,0.4000,10,298.67,640.34,656
0.0273,0.9727,0.7000,0.4000,10,237.96,629.47,657
0.0445,0.9555,0.8000,0.4000,10,185.61,615.16,658
0.0815,0.9185,0.9000,0.4000,10,164.58,608.35,659
0.5102,0.4898,1,0.5000,1,356.22,343.44,66
0.1289,0.8711,1,0.4000,10,141.36,601.89,660
1.0001,-8.5129e-05,0,0.5000,10,0,0,661
1.6794e-04,0.9998,0.1000,0.5000,10,589.99,649.87,662
7.0493e-04,0.9993,0.2000,0.5000,10,530.06,649.56,663
-0.0140,1.0140,0.3000,0.5000,10,466.62,648.64,664
0.0049,0.9951,0.4000,0.5000,10,411.14,647.08,665
0.0099,0.9901,0.5000,0.5000,10,356.6,644.18,666
0.0224,0.9776,0.6000,0.5000,10,299.46,638.39,667
0.0360,0.9640,0.7000,0.5000,10,243.65,628.04,668
0.0550,0.9450,0.8000,0.5000,10,200.54,615.41,669
1.0000,-9.2342e-06,0,0.6000,1,0,0,67
0.0917,0.9083,0.9000,0.5000,10,156.83,596.42,670
0.1271,0.8729,1,0.5000,10,123.07,574.37,671
1.0001,-9.1977e-05,0,0.6000,10,0,0,672
2.0694e-04,0.9998,0.1000,0.6000,10,589.99,649.84,673
0.0098,0.9902,0.2000,0.6000,10,532.99,649.52,674
0.0062,0.9938,0.3000,0.6000,10,470.77,648.43,675
0.0133,0.9867,0.4000,0.6000,10,413.09,646.43,676
0.0021,0.9979,0.5000,0.6000,10,351.79,641.41,677
0.0298,0.9702,0.6000,0.6000,10,306.86,636.74,678
0.0377,0.9623,0.7000,0.6000,10,250.78,625.95,679
0.3835,0.6165,0.1000,0.6000,1,613.05,419.96,68
0.0584,0.9416,0.8000,0.6000,10,201.71,611.26,680
0.0935,0.9065,0.9000,0.6000,10,163.92,591.61,681
0.1257,0.8743,1,0.6000,10,131.89,570.15,682
1.0001,-9.9683e-05,0,0.7000,10,0,0,683
0.0307,0.9693,0.1000,0.7000,10,594.5,649.88,684
0.0043,0.9957,0.2000,0.7000,10,531.18,649.32,685
0.0120,0.9880,0.3000,0.7000,10,476.65,648.22,686
0.0147,0.9853,0.4000,0.7000,10,417.36,645.53,687
0.0615,0.9385,0.5000,0.7000,10,384.07,643.84,688
0.0328,0.9672,0.6000,0.7000,10,298.59,632,689
0.3991,0.6009,0.2000,0.6000,1,577.94,410.36,69
0.0669,0.9331,0.7000,0.7000,10,258.93,623.06,690
0.0729,0.9271,0.8000,0.7000,10,203.51,606.28,691
0.1043,0.8957,0.9000,0.7000,10,164.36,586.39,692
0.1303,0.8697,1,0.7000,10,130.17,549.48,693
1.0001,-1.0720e-04,0,0.8000,10,0,0,694
-0.0044,1.0044,0.1000,0.8000,10,590.6,649.76,695
0.0071,0.9929,0.2000,0.8000,10,532.62,649.09,696
0.0072,0.9928,0.3000,0.8000,10,475.24,647.54,697
-0.0125,1.0125,0.4000,0.8000,10,413.18,643.48,698
0.0226,0.9774,0.5000,0.8000,10,357.33,638.25,699
0.5280,0.4720,0.6000,1.0000e-04,1,318.33,349.08,7
0.4145,0.5855,0.3000,0.6000,1,544.61,400.89,70
0.0407,0.9593,0.6000,0.8000,10,303.5,628.57,700
0.0695,0.9305,0.7000,0.8000,10,254.34,616.13,701
0.0860,0.9140,0.8000,0.8000,10,204.43,597.36,702
0.1090,0.8910,0.9000,0.8000,10,167.86,575.79,703
0.1523,0.8477,1,0.8000,10,145.16,563.33,704
1.0001,-1.1164e-04,0,0.9000,10,0,0,705
0.0070,0.9930,0.1000,0.9000,10,589.93,649.66,706
0.0051,0.9949,0.2000,0.9000,10,530.57,648.66,707
0.0158,0.9842,0.3000,0.9000,10,477.54,646.58,708
0.0083,0.9917,0.4000,0.9000,10,428.66,643.38,709
0.4295,0.5705,0.4000,0.6000,1,513.27,392.01,71
0.0399,0.9601,0.5000,0.9000,10,368.78,636.22,710
0.0408,0.9592,0.6000,0.9000,10,312.31,625.88,711
0.0638,0.9362,0.7000,0.9000,10,253.44,607.31,712
0.1007,0.8993,0.8000,0.9000,10,227.79,599.28,713
0.1357,0.8643,0.9000,0.9000,10,188.12,578.85,714
0.1601,0.8399,1,0.9000,10,148.71,551.04,715
0.4436,0.5564,0.5000,0.6000,1,483.47,383.65,72
0.9997,3.0384e-04,0,1.0000e-04,15.8490,50,50.182,727
0.0094,0.9906,0.1000,1.0000e-04,15.8490,587.43,650,728
0.0089,0.9911,0.2000,1.0000e-04,15.8490,538.67,650,729
0.4585,0.5415,0.6000,0.6000,1,455.13,374.63,73
0.0071,0.9929,0.3000,1.0000e-04,15.8490,471.01,649.99,730
0.0385,0.9615,0.4000,1.0000e-04,15.8490,434.99,649.99,731
0.0067,0.9933,0.5000,1.0000e-04,15.8490,354.14,649.91,732
0.0022,0.9978,0.6000,1.0000e-04,15.8490,296.7,649.62,733
0.0021,0.9979,0.7000,1.0000e-04,15.8490,218.74,647.88,734
0.0252,0.9748,0.8000,1.0000e-04,15.8490,174.63,644.77,735
0.0255,0.9745,0.9000,1.0000e-04,15.8490,153.12,641.85,736
0.0410,0.9590,1,1.0000e-04,15.8490,77.303,603.64,737
1.0001,-5.8361e-05,0,0.1000,15.8490,0,0,738
0.0150,0.9850,0.1000,0.1000,15.8490,591.15,650,739
0.4725,0.5275,0.7000,0.6000,1,428.63,366.33,74
0.0140,0.9860,0.2000,0.1000,15.8490,535.2,650,740
0.0026,0.9974,0.3000,0.1000,15.8490,473.47,649.99,741
0.0071,0.9929,0.4000,0.1000,15.8490,415.28,649.97,742
2.2871e-04,0.9998,0.5000,0.1000,15.8490,350.05,649.86,743
-0.0187,1.0187,0.6000,0.1000,15.8490,305.32,649.5,744
0.0011,0.9989,0.7000,0.1000,15.8490,228,647.96,745
0.0026,0.9974,0.8000,0.1000,15.8490,177.86,644.01,746
0.0217,0.9783,0.9000,0.1000,15.8490,120.5,631.17,747
0.0162,0.9838,1,0.1000,15.8490,91.914,613.3,748
1.0001,-8.0453e-05,0,0.2000,15.8490,0,0,749
0.4863,0.5137,0.8000,0.6000,1,403.48,358.04,75
0.0054,0.9946,0.1000,0.2000,15.8490,590.54,650,750
-0.0237,1.0237,0.2000,0.2000,15.8490,526.68,650,751
0.0020,0.9980,0.3000,0.2000,15.8490,469.64,649.99,752
0.0016,0.9984,0.4000,0.2000,15.8490,400.07,649.94,753
0.0094,0.9906,0.5000,0.2000,15.8490,358.15,649.82,754
-0.0042,1.0042,0.6000,0.2000,15.8490,282.85,649,755
0.0060,0.9940,0.7000,0.2000,15.8490,253.06,648.11,756
0.0167,0.9833,0.8000,0.2000,15.8490,181.45,642.54,757
0.0295,0.9705,0.9000,0.2000,15.8490,129.64,630.6,758
0.0702,0.9298,1,0.2000,15.8490,92.263,607.72,759
0.4996,0.5004,0.9000,0.6000,1,379.8,349.96,76
1.0001,-1.0610e-04,0,0.3000,15.8490,0,0,760
-0.0176,1.0176,0.1000,0.3000,15.8490,587.59,650,761
-9.8499e-05,1.0001,0.2000,0.3000,15.8490,532.35,650,762
0.0082,0.9918,0.3000,0.3000,15.8490,470.28,649.98,763
-0.0154,1.0154,0.4000,0.3000,15.8490,394.73,649.86,764
-0.0126,1.0126,0.5000,0.3000,15.8490,340.83,649.49,765
0.0146,0.9854,0.6000,0.3000,15.8490,297.03,648.87,766
0.0032,0.9968,0.7000,0.3000,15.8490,234.71,645.42,767
-0.0023,1.0023,0.8000,0.3000,15.8490,178.54,637.06,768
0.0420,0.9580,0.9000,0.3000,15.8490,125.62,620.71,769
0.5123,0.4877,1,0.6000,1,357.69,342.31,77
0.0794,0.9206,1,0.3000,15.8490,106.14,605.09,770
0.9845,0.0155,0,0.4000,15.8490,50,59.293,771
0.0078,0.9922,0.1000,0.4000,15.8490,589.31,650,772
-8.7359e-04,1.0009,0.2000,0.4000,15.8490,533.02,649.99,773
-0.0038,1.0038,0.3000,0.4000,15.8490,473.57,649.97,774
-0.0087,1.0087,0.4000,0.4000,15.8490,407.11,649.83,775
-4.1459e-04,1.0004,0.5000,0.4000,15.8490,352.04,649.43,776
-0.0117,1.0117,0.6000,0.4000,15.8490,295.14,648.27,777
0.0151,0.9849,0.7000,0.4000,15.8490,243.56,644.92,778
0.0415,0.9585,0.8000,0.4000,15.8490,192.26,638.92,779
1.0000,-9.9822e-06,0,0.7000,1,0,0,78
0.0409,0.9591,0.9000,0.4000,15.8490,129.4,618.07,780
0.0690,0.9310,1,0.4000,15.8490,98.273,589.45,781
1.0001,-1.3368e-04,0,0.5000,15.8490,0,0,782
0.0147,0.9853,0.1000,0.5000,15.8490,592.47,650,783
-0.0146,1.0146,0.2000,0.5000,15.8490,529.71,649.99,784
1.6699e-04,0.9998,0.3000,0.5000,15.8490,467.33,649.94,785
-0.0089,1.0089,0.4000,0.5000,15.8490,413,649.74,786
0.0027,0.9973,0.5000,0.5000,15.8490,356.69,649.1,787
-0.0029,1.0029,0.6000,0.5000,15.8490,290.97,647.1,788
0.0046,0.9954,0.7000,0.5000,15.8490,219.1,638.88,789
0.3832,0.6168,0.1000,0.7000,1,613.08,419.57,79
0.0219,0.9781,0.8000,0.5000,15.8490,184.86,632.74,790
0.0546,0.9454,0.9000,0.5000,15.8490,139.45,617.28,791
0.0894,0.9106,1,0.5000,15.8490,118.08,600.49,792
1.0001,-1.4874e-04,0,0.6000,15.8490,0,0,793
-0.0041,1.0041,0.1000,0.6000,15.8490,589.74,650,794
-4.3763e-05,1.0000,0.2000,0.6000,15.8490,529.96,649.98,795
-0.0300,1.0300,0.3000,0.6000,15.8490,459.21,649.86,796
-0.0276,1.0276,0.4000,0.6000,15.8490,402.15,649.54,797
0.0364,0.9636,0.5000,0.6000,15.8490,354.55,648.84,798
0.0106,0.9894,0.6000,0.6000,15.8490,307.68,646.36,799
0.5414,0.4586,0.7000,1.0000e-04,1,333.5,288.55,8
0.4001,0.5999,0.2000,0.7000,1,578.1,410.11,80
0.0278,0.9722,0.7000,0.6000,15.8490,249.95,640.96,800
0.0367,0.9633,0.8000,0.6000,15.8490,194.3,633.93,801
0.0619,0.9381,0.9000,0.6000,15.8490,130.11,604.76,802
0.0974,0.9026,1,0.6000,15.8490,111.54,594.25,803
1.0002,-1.5758e-04,0,0.7000,15.8490,0,0,804
-0.0085,1.0085,0.1000,0.7000,15.8490,590.61,650,805
-0.0021,1.0021,0.2000,0.7000,15.8490,529.91,649.97,806
0.0196,0.9804,0.3000,0.7000,15.8490,476.14,649.87,807
0.0071,0.9929,0.4000,0.7000,15.8490,405.39,649.18,808
0.0132,0.9868,0.5000,0.7000,15.8490,365.43,648.44,809
0.4155,0.5845,0.3000,0.7000,1,544.86,400.19,81
0.1052,0.8948,0.6000,0.7000,15.8490,362.53,647.9,810
0.0652,0.9348,0.7000,0.7000,15.8490,275.34,642.89,811
0.0484,0.9516,0.8000,0.7000,15.8490,171.74,622.32,812
0.0603,0.9397,0.9000,0.7000,15.8490,179.4,616.49,813
0.1036,0.8964,1,0.7000,15.8490,107.46,567.38,814
1.0002,-1.6995e-04,0,0.8000,15.8490,0,0,815
-0.0038,1.0038,0.1000,0.8000,15.8490,590.6,650,816
0.0309,0.9691,0.2000,0.8000,15.8490,530.96,649.95,817
0.0213,0.9787,0.3000,0.8000,15.8490,474.63,649.74,818
0.0301,0.9699,0.4000,0.8000,15.8490,423.31,649.3,819
0.4305,0.5695,0.4000,0.7000,1,513.57,391.2,82
0.0191,0.9809,0.5000,0.8000,15.8490,357.09,646.8,820
0.0274,0.9726,0.6000,0.8000,15.8490,302.77,643.52,821
0.0134,0.9866,0.7000,0.8000,15.8490,226.07,632.23,822
0.0441,0.9559,0.8000,0.8000,15.8490,194.72,621.16,823
0.0878,0.9122,0.9000,0.8000,15.8490,151.85,602.5,824
0.1102,0.8898,1,0.8000,15.8490,122.62,579.91,825
1.0002,-1.7818e-04,0,0.9000,15.8490,0,0,826
-0.0088,1.0088,0.1000,0.9000,15.8490,589.37,649.99,827
-0.0097,1.0097,0.2000,0.9000,15.8490,528.44,649.91,828
0.0237,0.9763,0.3000,0.9000,15.8490,480.85,649.65,829
0.4458,0.5542,0.5000,0.7000,1,483.9,382.14,83
-0.0010,1.0010,0.4000,0.9000,15.8490,411.01,648.07,830
0.0069,0.9931,0.5000,0.9000,15.8490,345.8,645.03,831
0.0132,0.9868,0.6000,0.9000,15.8490,299.44,638.86,832
0.0356,0.9644,0.7000,0.9000,15.8490,248.42,629.93,833
0.0616,0.9384,0.8000,0.9000,15.8490,213.42,612.73,834
0.1004,0.8996,0.9000,0.9000,15.8490,173.39,604.39,835
0.1178,0.8822,1,0.9000,15.8490,120.76,566.55,836
0.4600,0.5400,0.6000,0.7000,1,455.93,373.42,84
0.9995,4.8043e-04,0,1.0000e-04,25.1190,50,50.288,848
-3.6542e-04,1.0004,0.1000,1.0000e-04,25.1190,593.45,650,849
0.4744,0.5256,0.7000,0.7000,1,429.54,364.99,85
0.0018,0.9982,0.2000,1.0000e-04,25.1190,532.42,650,850
0.0064,0.9936,0.3000,1.0000e-04,25.1190,473.25,650,851
0.0031,0.9969,0.4000,1.0000e-04,25.1190,405.6,650,852
1.0948e-05,1.0000,0.5000,1.0000e-04,25.1190,350,650,853
0.0132,0.9868,0.6000,1.0000e-04,25.1190,304.31,649.99,854
1.6964e-04,0.9998,0.7000,1.0000e-04,25.1190,230.07,649.9,855
-0.0015,1.0015,0.8000,1.0000e-04,25.1190,172.49,649.29,856
0.0144,0.9856,0.9000,1.0000e-04,25.1190,121.61,645.92,857
0.0311,0.9689,1,1.0000e-04,25.1190,71.334,625.63,858
1.0001,-9.2502e-05,0,0.1000,25.1190,0,0,859
0.4880,0.5120,0.8000,0.7000,1,404.86,356.94,86
0.0060,0.9940,0.1000,0.1000,25.1190,590.88,650,860
-0.0034,1.0034,0.2000,0.1000,25.1190,529.88,650,861
-0.0177,1.0177,0.3000,0.1000,25.1190,468.17,650,862
-0.0090,1.0090,0.4000,0.1000,25.1190,413,650,863
0.0111,0.9889,0.5000,0.1000,25.1190,345.62,650,864
-0.0051,1.0051,0.6000,0.1000,25.1190,287.15,649.98,865
0.0099,0.9901,0.7000,0.1000,25.1190,235.83,649.89,866
-0.0028,1.0028,0.8000,0.1000,25.1190,180.42,649.22,867
-0.0201,1.0201,0.9000,0.1000,25.1190,135.3,645.77,868
-0.0075,1.0075,1,0.1000,25.1190,72.682,616.15,869
0.5021,0.4979,0.9000,0.7000,1,381.3,348.92,87
1.0001,-1.3008e-04,0,0.2000,25.1190,0,0,870
-9.1109e-05,1.0001,0.1000,0.2000,25.1190,590.85,650,871
0.0030,0.9970,0.2000,0.2000,25.1190,527.48,650,872
-0.0035,1.0035,0.3000,0.2000,25.1190,469.47,650,873
0.0075,0.9925,0.4000,0.2000,25.1190,407.04,650,874
-0.0320,1.0320,0.5000,0.2000,25.1190,349.29,649.99,875
3.2513e-04,0.9997,0.6000,0.2000,25.1190,290,649.96,876
6.1814e-04,0.9994,0.7000,0.2000,25.1190,230.24,649.67,877
-0.0012,1.0012,0.8000,0.2000,25.1190,153.32,646.37,878
0.0177,0.9823,0.9000,0.2000,25.1190,133.48,643.55,879
0.5150,0.4850,1,0.7000,1,359.32,341,88
0.0055,0.9945,1,0.2000,25.1190,86.712,625.93,880
1.0002,-1.6246e-04,0,0.3000,25.1190,0,0,881
-1.8899e-04,1.0002,0.1000,0.3000,25.1190,589.95,650,882
0.0304,0.9696,0.2000,0.3000,25.1190,534.55,650,883
0.0490,0.9510,0.3000,0.3000,25.1190,486.28,650,884
-0.0092,1.0092,0.4000,0.3000,25.1190,413.33,650,885
0.0137,0.9863,0.5000,0.3000,25.1190,354.59,649.99,886
-0.0333,1.0333,0.6000,0.3000,25.1190,254.87,649.68,887
5.7884e-04,0.9994,0.7000,0.3000,25.1190,225.3,649.17,888
-0.0036,1.0036,0.8000,0.3000,25.1190,162.47,644.76,889
1.0000,-1.0605e-05,0,0.8000,1,0,0,89
0.0209,0.9791,0.9000,0.3000,25.1190,141.82,642.13,890
0.0472,0.9528,1,0.3000,25.1190,75.76,602.31,891
1.0002,-1.8328e-04,0,0.4000,25.1190,0,0,892
-0.0246,1.0246,0.1000,0.4000,25.1190,588.81,650,893
0.0061,0.9939,0.2000,0.4000,25.1190,532.53,650,894
0.0070,0.9930,0.3000,0.4000,25.1190,467.78,650,895
-0.0080,1.0080,0.4000,0.4000,25.1190,405.78,650,896
0.0268,0.9732,0.5000,0.4000,25.1190,370.43,649.98,897
0.0304,0.9696,0.6000,0.4000,25.1190,303.78,649.93,898
0.0190,0.9810,0.7000,0.4000,25.1190,233.5,648.78,899
0.4452,0.5548,0.8000,1.0000e-04,1,511.02,521.92,9
0.3849,0.6151,0.1000,0.8000,1,613.07,418.86,90
-0.0057,1.0057,0.8000,0.4000,25.1190,172.29,645.16,900
0.0132,0.9868,0.9000,0.4000,25.1190,127.74,633.69,901
0.0435,0.9565,1,0.4000,25.1190,72.275,594.89,902
1.0002,-2.0688e-04,0,0.5000,25.1190,0,0,903
0.0239,0.9761,0.1000,0.5000,25.1190,592.58,650,904
0.0066,0.9934,0.2000,0.5000,25.1190,536.37,650,905
-0.0316,1.0316,0.3000,0.5000,25.1190,466.48,650,906
-0.0083,1.0083,0.4000,0.5000,25.1190,422.03,649.99,907
-0.0016,1.0016,0.5000,0.5000,25.1190,357.38,649.92,908
-0.0366,1.0366,0.6000,0.5000,25.1190,275.1,649.35,909
0.4010,0.5990,0.2000,0.8000,1,578.21,409.36,91
-0.0402,1.0402,0.7000,0.5000,25.1190,197.5,645.8,910
-8.9227e-04,1.0009,0.8000,0.5000,25.1190,155.03,640.95,911
0.0446,0.9554,0.9000,0.5000,25.1190,139.52,635.83,912
0.0706,0.9294,1,0.5000,25.1190,116.44,626.4,913
1.0002,-2.3487e-04,0,0.6000,25.1190,0,0,914
0.0284,0.9716,0.1000,0.6000,25.1190,592.56,650,915
-1.6148e-04,1.0002,0.2000,0.6000,25.1190,529.95,650,916
0.0147,0.9853,0.3000,0.6000,25.1190,474.16,650,917
0.0068,0.9932,0.4000,0.6000,25.1190,415.61,649.98,918
-0.0363,1.0363,0.5000,0.6000,25.1190,339.82,649.76,919
0.4176,0.5824,0.3000,0.8000,1,545.15,399.51,92
-0.0124,1.0124,0.6000,0.6000,25.1190,290.23,649.3,920
0.0444,0.9556,0.7000,0.6000,25.1190,269.26,648.91,921
0.0044,0.9956,0.8000,0.6000,25.1190,167.64,638.59,922
0.0208,0.9792,0.9000,0.6000,25.1190,122.36,619.9,923
0.0868,0.9132,1,0.6000,25.1190,107.77,620.54,924
1.0003,-2.5216e-04,0,0.7000,25.1190,0,0,925
0.0410,0.9590,0.1000,0.7000,25.1190,597.4,650,926
0.0879,0.9121,0.2000,0.7000,25.1190,551.41,650,927
0.0169,0.9831,0.3000,0.7000,25.1190,474.94,650,928
1.1926e-05,1.0000,0.4000,0.7000,25.1190,409.99,649.95,929
0.4331,0.5669,0.4000,0.8000,1,513.89,389.75,93
-0.0323,1.0323,0.5000,0.7000,25.1190,335.68,649.68,930
0.0546,0.9454,0.6000,0.7000,25.1190,314.84,648.86,931
0.0074,0.9926,0.7000,0.7000,25.1190,233.1,645.58,932
0.0344,0.9656,0.8000,0.7000,25.1190,201.41,642,933
0.0017,0.9983,0.9000,0.7000,25.1190,135.8,619.68,934
0.0556,0.9444,1,0.7000,25.1190,88.93,600.28,935
1.0003,-2.7896e-04,0,0.8000,25.1190,0,0,936
-0.0275,1.0275,0.1000,0.8000,25.1190,588.17,650,937
-0.0196,1.0196,0.2000,0.8000,25.1190,520.39,650,938
0.0058,0.9942,0.3000,0.8000,25.1190,463.31,649.99,939
0.4485,0.5515,0.5000,0.8000,1,484.45,380.88,94
-0.0251,1.0251,0.4000,0.8000,25.1190,428.96,649.96,940
-0.0375,1.0375,0.5000,0.8000,25.1190,331.71,649.04,941
0.0225,0.9775,0.6000,0.8000,25.1190,301.73,648.28,942
-0.0184,1.0184,0.7000,0.8000,25.1190,211.63,639.59,943
0.0356,0.9644,0.8000,0.8000,25.1190,199.32,637.89,944
0.0053,0.9947,0.9000,0.8000,25.1190,139.9,619.97,945
0.1123,0.8877,1,0.8000,25.1190,144.25,624.73,946
1.0003,-2.7391e-04,0,0.9000,25.1190,0,0,947
0.0227,0.9773,0.1000,0.9000,25.1190,592.28,650,948
-0.0579,1.0579,0.2000,0.9000,25.1190,519.28,649.99,949
0.4626,0.5374,0.6000,0.8000,1,457.06,372.31,95
0.0144,0.9856,0.3000,0.9000,25.1190,488.5,649.99,950
-0.0206,1.0206,0.4000,0.9000,25.1190,388.67,649.49,951
0.0380,0.9620,0.5000,0.9000,25.1190,366.73,649.07,952
-0.0122,1.0122,0.6000,0.9000,25.1190,261.73,644,953
0.0146,0.9854,0.7000,0.9000,25.1190,240.35,638.7,954
0.0448,0.9552,0.8000,0.9000,25.1190,173.41,621.97,955
0.0677,0.9323,0.9000,0.9000,25.1190,146.57,609.36,956
0.1301,0.8699,1,0.9000,25.1190,138.16,602.71,957
0.4780,0.5220,0.7000,0.8000,1,430.5,363.44,96
0.9992,7.6141e-04,0,1.0000e-04,39.8110,50,50.456,969
0.4911,0.5089,0.8000,0.8000,1,405.96,355.46,97
0.0037,0.9963,0.1000,1.0000e-04,39.8110,590.42,650,970
0.0050,0.9950,0.2000,1.0000e-04,39.8110,530.42,650,971
0.0056,0.9944,0.3000,1.0000e-04,39.8110,472.43,650,972
-0.0044,1.0044,0.4000,1.0000e-04,39.8110,407.47,650,973
4.8865e-04,0.9995,0.5000,1.0000e-04,39.8110,348.35,650,974
0.0111,0.9889,0.6000,1.0000e-04,39.8110,301.54,650,975
0.0021,0.9979,0.7000,1.0000e-04,39.8110,230.5,650,976
0.0140,0.9860,0.8000,1.0000e-04,39.8110,170.79,649.96,977
-0.0148,1.0148,0.9000,1.0000e-04,39.8110,109.26,648.78,978
0.0182,0.9818,1,1.0000e-04,39.8110,64.812,635.63,979
0.5043,0.4957,0.9000,0.8000,1,382.74,347.2,98
1.0001,-1.4641e-04,0,0.1000,39.8110,0,0,980
-0.0160,1.0160,0.1000,0.1000,39.8110,591.92,650,981
0.0058,0.9942,0.2000,0.1000,39.8110,535.4,650,982
0.0296,0.9704,0.3000,0.1000,39.8110,490.34,650,983
-0.0098,1.0098,0.4000,0.1000,39.8110,414.59,650,984
-0.0085,1.0085,0.5000,0.1000,39.8110,343.49,650,985
-0.0747,1.0747,0.6000,0.1000,39.8110,267.63,650,986
0.0262,0.9738,0.7000,0.1000,39.8110,222.74,649.99,987
-0.0157,1.0157,0.8000,0.1000,39.8110,175.24,649.89,988
-0.0327,1.0327,0.9000,0.1000,39.8110,84.262,642.22,989
0.5179,0.4821,1,0.8000,1,360.67,339.04,99
0.0826,0.9174,1,0.1000,39.8110,108.74,648.1,990
1.0002,-2.1196e-04,0,0.2000,39.8110,0,0,991
0.0248,0.9752,0.1000,0.2000,39.8110,591.29,650,992
-0.0299,1.0299,0.2000,0.2000,39.8110,518.65,650,993
-0.0234,1.0234,0.3000,0.2000,39.8110,492.35,650,994
0.0323,0.9677,0.4000,0.2000,39.8110,429.41,650,995
0.0209,0.9791,0.5000,0.2000,39.8110,336.41,650,996
-0.0187,1.0187,0.6000,0.2000,39.8110,285.51,650,997
-0.0363,1.0363,0.7000,0.2000,39.8110,184.82,649.84,998
-0.0030,1.0030,0.8000,0.2000,39.8110,132.61,648.82,999
